0 0.000000000 0
1 0.100000000 0
2 0.200000000 0
3 0.300000000 0
4 0.400000000 0
5 0.500000000 0
6 0.600000000 0
7 0.700000000 0
8 0.800000000 0
9 0.900000000 0
10 1.000000000 0
11 1.100000000 0
12 1.200000000 0
13 1.300000000 0
14 1.400000000 0
15 1.500000000 0
16 1.600000000 0
17 1.700000000 0
18 1.800000000 0
19 1.900000000 0
20 2.000000000 0
21 2.100000000 0
22 2.200000000 0
23 2.300000000 0
24 2.400000000 0
25 2.500000000 0
26 2.600000000 0
27 2.700000000 0
28 2.800000000 0
29 2.900000000 0
30 3.000000000 0
31 3.100000000 0
32 3.200000000 0
33 3.300000000 0
34 3.400000000 0
35 3.500000000 0
36 3.600000000 0
37 3.700000000 0
38 3.800000000 0
39 3.900000000 0
40 4.000000000 0
41 4.100000000 0
42 4.200000000 0
43 4.300000000 0
44 4.400000000 0
45 4.500000000 0
46 4.600000000 0
47 4.700000000 0
48 4.800000000 0
49 4.900000000 0
50 5.000000000 0
51 5.100000000 0
52 5.200000000 0
53 5.300000000 0
54 5.400000000 0
55 5.500000000 0
56 5.600000000 0
57 5.700000000 0
58 5.800000000 0
59 5.900000000 0
60 6.000000000 0
61 6.100000000 0
62 6.200000000 0
63 6.300000000 0
64 6.400000000 0
65 6.500000000 0
66 6.600000000 0
67 6.700000000 0
68 6.800000000 0
69 6.900000000 0
70 7.000000000 0
71 7.100000000 0
72 7.200000000 0
73 7.300000000 0
74 7.400000000 0
75 7.500000000 0
76 7.600000000 0
77 7.700000000 0
78 7.800000000 0
79 7.900000000 0
80 8.000000000 0
81 8.100000000 0
82 8.200000000 0
83 8.300000000 0
84 8.400000000 0
85 8.500000000 0
86 8.600000000 0
87 8.700000000 0
88 8.800000000 0
89 8.900000000 0
90 9.000000000 0
91 9.100000000 0
92 9.200000000 0
93 9.300000000 0
94 9.400000000 0
95 9.500000000 0
96 9.600000000 0
97 9.700000000 0
98 9.800000000 0
99 9.900000000 0
100 10.000000000 0
101 10.100000000 0
102 10.200000000 0
103 10.300000000 0
104 10.400000000 0
105 10.500000000 0
106 10.600000000 0
107 10.700000000 0
108 10.800000000 0
109 10.900000000 0
110 11.000000000 0
111 11.100000000 0
112 11.200000000 0
113 11.300000000 0
114 11.400000000 0
115 11.500000000 0
116 11.600000000 0
117 11.700000000 0
118 11.800000000 0
119 11.900000000 0
120 12.000000000 0
121 12.100000000 0
122 12.200000000 0
123 12.300000000 0
124 12.400000000 0
125 12.500000000 0
126 12.600000000 0
127 12.700000000 0
128 12.800000000 0
129 12.900000000 0
130 13.000000000 0
131 13.100000000 0
132 13.200000000 0
133 13.300000000 0
134 13.400000000 0
135 13.500000000 0
136 13.600000000 0
137 13.700000000 0
138 13.800000000 0
139 13.900000000 0
140 14.000000000 0
141 14.100000000 0
142 14.200000000 0
143 14.300000000 0
144 14.400000000 0
145 14.500000000 0
146 14.600000000 0
147 14.700000000 0
148 14.800000000 0
149 14.900000000 0
150 15.000000000 0
151 15.100000000 0
152 15.200000000 0
153 15.300000000 0
154 15.400000000 0
155 15.500000000 0
156 15.600000000 0
157 15.700000000 0
158 15.800000000 0
159 15.900000000 0
160 16.000000000 0
161 16.100000000 0
162 16.200000000 0
163 16.300000000 0
164 16.400000000 0
165 16.500000000 0
166 16.600000000 0
167 16.700000000 0
168 16.800000000 0
169 16.900000000 0
170 17.000000000 0
171 17.100000000 0
172 17.200000000 0
173 17.300000000 0
174 17.400000000 0
175 17.500000000 0
176 17.600000000 0
177 17.700000000 0
178 17.800000000 0
179 17.900000000 0
180 18.000000000 0
181 18.100000000 0
182 18.200000000 0
183 18.300000000 0
184 18.400000000 0
185 18.500000000 0
186 18.600000000 0
187 18.700000000 0
188 18.800000000 0
189 18.900000000 0
190 19.000000000 0
191 19.100000000 0
192 19.200000000 0
193 19.300000000 0
194 19.400000000 0
195 19.500000000 0
196 19.600000000 0
197 19.700000000 0
198 19.800000000 0
199 19.900000000 0
200 20.000000000 0
201 20.100000000 0
202 20.200000000 0
203 20.300000000 0
204 20.400000000 0
205 20.500000000 0
206 20.600000000 0
207 20.700000000 0
208 20.800000000 0
209 20.900000000 0
210 21.000000000 0
211 21.100000000 0
212 21.200000000 0
213 21.300000000 0
214 21.400000000 0
215 21.500000000 0
216 21.600000000 0
217 21.700000000 0
218 21.800000000 0
219 21.900000000 0
220 22.000000000 0
221 22.100000000 0
222 22.200000000 0
223 22.300000000 0
224 22.400000000 0
225 22.500000000 0
226 22.600000000 0
227 22.700000000 0
228 22.800000000 0
229 22.900000000 0
230 23.000000000 0
231 23.100000000 0
232 23.200000000 0
233 23.300000000 0
234 23.400000000 0
235 23.500000000 0
236 23.600000000 0
237 23.700000000 0
238 23.800000000 0
239 23.900000000 0
240 24.000000000 0
241 24.100000000 0
242 24.200000000 0
243 24.300000000 0
244 24.400000000 0
245 24.500000000 0
246 24.600000000 0
247 24.700000000 0
248 24.800000000 0
249 24.900000000 0
250 25.000000000 0
251 25.100000000 0
252 25.200000000 0
253 25.300000000 0
254 25.400000000 0
255 25.500000000 0
256 25.600000000 0
257 25.700000000 0
258 25.800000000 0
259 25.900000000 0
260 26.000000000 0
261 26.100000000 0
262 26.200000000 0
263 26.300000000 0
264 26.400000000 0
265 26.500000000 0
266 26.600000000 0
267 26.700000000 0
268 26.800000000 0
269 26.900000000 0
270 27.000000000 0
271 27.100000000 0
272 27.200000000 0
273 27.300000000 0
274 27.400000000 0
275 27.500000000 0
276 27.600000000 0
277 27.700000000 0
278 27.800000000 0
279 27.900000000 0
280 28.000000000 0
281 28.100000000 0
282 28.200000000 0
283 28.300000000 0
284 28.400000000 0
285 28.500000000 0
286 28.600000000 0
287 28.700000000 0
288 28.800000000 0
289 28.900000000 0
290 29.000000000 0
291 29.100000000 0
292 29.200000000 0
293 29.300000000 0
294 29.400000000 0
295 29.500000000 0
296 29.600000000 0
297 29.700000000 0
298 29.800000000 0
299 29.900000000 0
300 30.000000000 0
301 30.100000000 0
302 30.200000000 0
303 30.300000000 0
304 30.400000000 0
305 30.500000000 0
306 30.600000000 0
307 30.700000000 0
308 30.800000000 0
309 30.900000000 0
310 31.000000000 0
311 31.100000000 0
312 31.200000000 0
313 31.300000000 0
314 31.400000000 0
315 31.500000000 0
316 31.600000000 0
317 31.700000000 0
318 31.800000000 0
319 31.900000000 0
320 32.000000000 0
321 32.100000000 0
322 32.200000000 0
323 32.300000000 0
324 32.400000000 0
325 32.500000000 0
326 32.600000000 0
327 32.700000000 0
328 32.800000000 0
329 32.900000000 0
330 33.000000000 0
331 33.100000000 0
332 33.200000000 0
333 33.300000000 0
334 33.400000000 0
335 33.500000000 0
336 33.600000000 0
337 33.700000000 0
338 33.800000000 0
339 33.900000000 0
340 34.000000000 0
341 34.100000000 0
342 34.200000000 0
343 34.300000000 0
344 34.400000000 0
345 34.500000000 0
346 34.600000000 0
347 34.700000000 0
348 34.800000000 0
349 34.900000000 0
350 35.000000000 0
351 35.100000000 0
352 35.200000000 0
353 35.300000000 0
354 35.400000000 0
355 35.500000000 0
356 35.600000000 0
357 35.700000000 0
358 35.800000000 0
359 35.900000000 0
360 36.000000000 0
361 36.100000000 0
362 36.200000000 0
363 36.300000000 0
364 36.400000000 0
365 36.500000000 0
366 36.600000000 0
367 36.700000000 0
368 36.800000000 0
369 36.900000000 0
370 37.000000000 0
371 37.100000000 0
372 37.200000000 0
373 37.300000000 0
374 37.400000000 0
375 37.500000000 0
376 37.600000000 0
377 37.700000000 0
378 37.800000000 0
379 37.900000000 0
380 38.000000000 0
381 38.100000000 0
382 38.200000000 0
383 38.300000000 0
384 38.400000000 0
385 38.500000000 0
386 38.600000000 0
387 38.700000000 0
388 38.800000000 0
389 38.900000000 0
390 39.000000000 0
391 39.100000000 0
392 39.200000000 0
393 39.300000000 0
394 39.400000000 0
395 39.500000000 0
396 39.600000000 0
397 39.700000000 0
398 39.800000000 0
399 39.900000000 0
400 40.000000000 0
401 40.100000000 0
402 40.200000000 0
403 40.300000000 0
404 40.400000000 0
405 40.500000000 0
406 40.600000000 0
407 40.700000000 0
408 40.800000000 0
409 40.900000000 0
410 41.000000000 0
411 41.100000000 0
412 41.200000000 0
413 41.300000000 0
414 41.400000000 0
415 41.500000000 0
416 41.600000000 0
417 41.700000000 0
418 41.800000000 0
419 41.900000000 0
420 42.000000000 0
421 42.100000000 0
422 42.200000000 0
423 42.300000000 0
424 42.400000000 0
425 42.500000000 0
426 42.600000000 0
427 42.700000000 0
428 42.800000000 0
429 42.900000000 0
430 43.000000000 0
431 43.100000000 0
432 43.200000000 0
433 43.300000000 0
434 43.400000000 0
435 43.500000000 0
436 43.600000000 0
437 43.700000000 0
438 43.800000000 0
439 43.900000000 0
440 44.000000000 0
441 44.100000000 0
442 44.200000000 0
443 44.300000000 0
444 44.400000000 0
445 44.500000000 0
446 44.600000000 0
447 44.700000000 0
448 44.800000000 0
449 44.900000000 0
450 45.000000000 0
451 45.100000000 0
452 45.200000000 0
453 45.300000000 0
454 45.400000000 0
455 45.500000000 0
456 45.600000000 0
457 45.700000000 0
458 45.800000000 0
459 45.900000000 0
460 46.000000000 0
461 46.100000000 0
462 46.200000000 0
463 46.300000000 0
464 46.400000000 0
465 46.500000000 0
466 46.600000000 0
467 46.700000000 0
468 46.800000000 0
469 46.900000000 0
470 47.000000000 0
471 47.100000000 0
472 47.200000000 0
473 47.300000000 0
474 47.400000000 0
475 47.500000000 0
476 47.600000000 0
477 47.700000000 0
478 47.800000000 0
479 47.900000000 0
480 48.000000000 0
481 48.100000000 0
482 48.200000000 0
483 48.300000000 0
484 48.400000000 0
485 48.500000000 0
486 48.600000000 0
487 48.700000000 0
488 48.800000000 0
489 48.900000000 0
490 49.000000000 0
491 49.100000000 0
492 49.200000000 0
493 49.300000000 0
494 49.400000000 0
495 49.500000000 0
496 49.600000000 0
497 49.700000000 0
498 49.800000000 0
499 49.900000000 0
500 50.000000000 0
501 50.100000000 0
502 50.200000000 0
503 50.300000000 0
504 50.400000000 0
505 50.500000000 0
506 50.600000000 0
507 50.700000000 0
508 50.800000000 0
509 50.900000000 0
510 51.000000000 0
511 51.100000000 0
512 51.200000000 0
