0 0.000000000 0
1 0.000000001 0
2 0.000000002 0
3 0.000000003 0
4 0.000000004 0
5 0.000000005 0
6 0.000000006 0
7 0.000000007 0
8 0.000000008 0
9 0.000000009 0
10 0.000000010 0
11 0.000000011 0
12 0.000000012 0
13 0.000000013 0
14 0.000000014 0
15 0.000000015 0
16 0.000000016 0
17 0.000000017 0
18 0.000000018 0
19 0.000000019 0
20 0.000000020 0
21 0.000000021 0
22 0.000000022 0
23 0.000000023 0
24 0.000000024 0
25 0.000000025 0
26 0.000000026 0
27 0.000000027 0
28 0.000000028 0
29 0.000000029 0
30 0.000000030 0
31 0.000000031 0
32 0.000000032 0
33 0.000000033 0
34 0.000000034 0
35 0.000000035 0
36 0.000000036 0
37 0.000000037 0
38 0.000000038 0
39 0.000000039 0
40 0.000000040 0
41 0.000000041 0
42 0.000000042 0
43 0.000000043 0
44 0.000000044 0
45 0.000000045 0
46 0.000000046 0
47 0.000000047 0
48 0.000000048 0
49 0.000000049 0
50 0.000000050 0
51 0.000000051 0
52 0.000000052 0
53 0.000000053 0
54 0.000000054 0
55 0.000000055 0
56 0.000000056 0
57 0.000000057 0
58 0.000000058 0
59 0.000000059 0
60 0.000000060 0
61 0.000000061 0
62 0.000000062 0
63 0.000000063 0
64 0.000000064 0
65 0.000000065 0
66 0.000000066 0
67 0.000000067 0
68 0.000000068 0
69 0.000000069 0
70 0.000000070 0
71 0.000000071 0
72 0.000000072 0
73 0.000000073 0
74 0.000000074 0
75 0.000000075 0
76 0.000000076 0
77 0.000000077 0
78 0.000000078 0
79 0.000000079 0
80 0.000000080 0
81 0.000000081 0
82 0.000000082 0
83 0.000000083 0
84 0.000000084 0
85 0.000000085 0
86 0.000000086 0
87 0.000000087 0
88 0.000000088 0
89 0.000000089 0
90 0.000000090 0
91 0.000000091 0
92 0.000000092 0
93 0.000000093 0
94 0.000000094 0
95 0.000000095 0
96 0.000000096 0
97 0.000000097 0
98 0.000000098 0
99 0.000000099 0
100 0.000000100 0
101 0.000000101 0
102 0.000000102 0
103 0.000000103 0
104 0.000000104 0
105 0.000000105 0
106 0.000000106 0
107 0.000000107 0
108 0.000000108 0
109 0.000000109 0
110 0.000000110 0
111 0.000000111 0
112 0.000000112 0
113 0.000000113 0
114 0.000000114 0
115 0.000000115 0
116 0.000000116 0
117 0.000000117 0
118 0.000000118 0
119 0.000000119 0
120 0.000000120 0
121 0.000000121 0
122 0.000000122 0
123 0.000000123 0
124 0.000000124 0
125 0.000000125 0
126 0.000000126 0
127 0.000000127 0
128 0.000000128 0
129 0.000000129 0
130 0.000000130 0
131 0.000000131 0
132 0.000000132 0
133 0.000000133 0
134 0.000000134 0
135 0.000000135 0
136 0.000000136 0
137 0.000000137 0
138 0.000000138 0
139 0.000000139 0
140 0.000000140 0
141 0.000000141 0
142 0.000000142 0
143 0.000000143 0
144 0.000000144 0
145 0.000000145 0
146 0.000000146 0
147 0.000000147 0
148 0.000000148 0
149 0.000000149 0
150 0.000000150 0
151 0.000000151 0
152 0.000000152 0
153 0.000000153 0
154 0.000000154 0
155 0.000000155 0
156 0.000000156 0
157 0.000000157 0
158 0.000000158 0
159 0.000000159 0
160 0.000000160 0
161 0.000000161 0
162 0.000000162 0
163 0.000000163 0
164 0.000000164 0
165 0.000000165 0
166 0.000000166 0
167 0.000000167 0
168 0.000000168 0
169 0.000000169 0
170 0.000000170 0
171 0.000000171 0
172 0.000000172 0
173 0.000000173 0
174 0.000000174 0
175 0.000000175 0
176 0.000000176 0
177 0.000000177 0
178 0.000000178 0
179 0.000000179 0
180 0.000000180 0
181 0.000000181 0
182 0.000000182 0
183 0.000000183 0
184 0.000000184 0
185 0.000000185 0
186 0.000000186 0
187 0.000000187 0
188 0.000000188 0
189 0.000000189 0
190 0.000000190 0
191 0.000000191 0
192 0.000000192 0
193 0.000000193 0
194 0.000000194 0
195 0.000000195 0
196 0.000000196 0
197 0.000000197 0
198 0.000000198 0
199 0.000000199 0
200 0.000000200 0
201 0.000000201 0
202 0.000000202 0
203 0.000000203 0
204 0.000000204 0
205 0.000000205 0
206 0.000000206 0
207 0.000000207 0
208 0.000000208 0
209 0.000000209 0
210 0.000000210 0
211 0.000000211 0
212 0.000000212 0
213 0.000000213 0
214 0.000000214 0
215 0.000000215 0
216 0.000000216 0
217 0.000000217 0
218 0.000000218 0
219 0.000000219 0
220 0.000000220 0
221 0.000000221 0
222 0.000000222 0
223 0.000000223 0
224 0.000000224 0
225 0.000000225 0
226 0.000000226 0
227 0.000000227 0
228 0.000000228 0
229 0.000000229 0
230 0.000000230 0
231 0.000000231 0
232 0.000000232 0
233 0.000000233 0
234 0.000000234 0
235 0.000000235 0
236 0.000000236 0
237 0.000000237 0
238 0.000000238 0
239 0.000000239 0
240 0.000000240 0
241 0.000000241 0
242 0.000000242 0
243 0.000000243 0
244 0.000000244 0
245 0.000000245 0
246 0.000000246 0
247 0.000000247 0
248 0.000000248 0
249 0.000000249 0
250 0.000000250 0
251 0.000000251 0
252 0.000000252 0
253 0.000000253 0
254 0.000000254 0
255 0.000000255 0
256 0.000000256 0
257 0.000000257 0
258 0.000000258 0
259 0.000000259 0
260 0.000000260 0
261 0.000000261 0
262 0.000000262 0
263 0.000000263 0
264 0.000000264 0
265 0.000000265 0
266 0.000000266 0
267 0.000000267 0
268 0.000000268 0
269 0.000000269 0
270 0.000000270 0
271 0.000000271 0
272 0.000000272 0
273 0.000000273 0
274 0.000000274 0
275 0.000000275 0
276 0.000000276 0
277 0.000000277 0
278 0.000000278 0
279 0.000000279 0
280 0.000000280 0
281 0.000000281 0
282 0.000000282 0
283 0.000000283 0
284 0.000000284 0
285 0.000000285 0
286 0.000000286 0
287 0.000000287 0
288 0.000000288 0
289 0.000000289 0
290 0.000000290 0
291 0.000000291 0
292 0.000000292 0
293 0.000000293 0
294 0.000000294 0
295 0.000000295 0
296 0.000000296 0
297 0.000000297 0
298 0.000000298 0
299 0.000000299 0
300 0.000000300 0
301 0.000000301 0
302 0.000000302 0
303 0.000000303 0
304 0.000000304 0
305 0.000000305 0
306 0.000000306 0
307 0.000000307 0
308 0.000000308 0
309 0.000000309 0
310 0.000000310 0
311 0.000000311 0
312 0.000000312 0
313 0.000000313 0
314 0.000000314 0
315 0.000000315 0
316 0.000000316 0
317 0.000000317 0
318 0.000000318 0
319 0.000000319 0
320 0.000000320 0
321 0.000000321 0
322 0.000000322 0
323 0.000000323 0
324 0.000000324 0
325 0.000000325 0
326 0.000000326 0
327 0.000000327 0
328 0.000000328 0
329 0.000000329 0
330 0.000000330 0
331 0.000000331 0
332 0.000000332 0
333 0.000000333 0
334 0.000000334 0
335 0.000000335 0
336 0.000000336 0
337 0.000000337 0
338 0.000000338 0
339 0.000000339 0
340 0.000000340 0
341 0.000000341 0
342 0.000000342 0
343 0.000000343 0
344 0.000000344 0
345 0.000000345 0
346 0.000000346 0
347 0.000000347 0
348 0.000000348 0
349 0.000000349 0
350 0.000000350 0
351 0.000000351 0
352 0.000000352 0
353 0.000000353 0
354 0.000000354 0
355 0.000000355 0
356 0.000000356 0
357 0.000000357 0
358 0.000000358 0
359 0.000000359 0
360 0.000000360 0
361 0.000000361 0
362 0.000000362 0
363 0.000000363 0
364 0.000000364 0
365 0.000000365 0
366 0.000000366 0
367 0.000000367 0
368 0.000000368 0
369 0.000000369 0
370 0.000000370 0
371 0.000000371 0
372 0.000000372 0
373 0.000000373 0
374 0.000000374 0
375 0.000000375 0
376 0.000000376 0
377 0.000000377 0
378 0.000000378 0
379 0.000000379 0
380 0.000000380 0
381 0.000000381 0
382 0.000000382 0
383 0.000000383 0
384 0.000000384 0
385 0.000000385 0
386 0.000000386 0
387 0.000000387 0
388 0.000000388 0
389 0.000000389 0
390 0.000000390 0
391 0.000000391 0
392 0.000000392 0
393 0.000000393 0
394 0.000000394 0
395 0.000000395 0
396 0.000000396 0
397 0.000000397 0
398 0.000000398 0
399 0.000000399 0
400 0.000000400 0
401 0.000000401 0
402 0.000000402 0
403 0.000000403 0
404 0.000000404 0
405 0.000000405 0
406 0.000000406 0
407 0.000000407 0
408 0.000000408 0
409 0.000000409 0
410 0.000000410 0
411 0.000000411 0
412 0.000000412 0
413 0.000000413 0
414 0.000000414 0
415 0.000000415 0
416 0.000000416 0
417 0.000000417 0
418 0.000000418 0
419 0.000000419 0
420 0.000000420 0
421 0.000000421 0
422 0.000000422 0
423 0.000000423 0
424 0.000000424 0
425 0.000000425 0
426 0.000000426 0
427 0.000000427 0
428 0.000000428 0
429 0.000000429 0
430 0.000000430 0
431 0.000000431 0
432 0.000000432 0
433 0.000000433 0
434 0.000000434 0
435 0.000000435 0
436 0.000000436 0
437 0.000000437 0
438 0.000000438 0
439 0.000000439 0
440 0.000000440 0
441 0.000000441 0
442 0.000000442 0
443 0.000000443 0
444 0.000000444 0
445 0.000000445 0
446 0.000000446 0
447 0.000000447 0
448 0.000000448 0
449 0.000000449 0
450 0.000000450 0
451 0.000000451 0
452 0.000000452 0
453 0.000000453 0
454 0.000000454 0
455 0.000000455 0
456 0.000000456 0
457 0.000000457 0
458 0.000000458 0
459 0.000000459 0
460 0.000000460 0
461 0.000000461 0
462 0.000000462 0
463 0.000000463 0
464 0.000000464 0
465 0.000000465 0
466 0.000000466 0
467 0.000000467 0
468 0.000000468 0
469 0.000000469 0
470 0.000000470 0
471 0.000000471 0
472 0.000000472 0
473 0.000000473 0
474 0.000000474 0
475 0.000000475 0
476 0.000000476 0
477 0.000000477 0
478 0.000000478 0
479 0.000000479 0
480 0.000000480 0
481 0.000000481 0
482 0.000000482 0
483 0.000000483 0
484 0.000000484 0
485 0.000000485 0
486 0.000000486 0
487 0.000000487 0
488 0.000000488 0
489 0.000000489 0
490 0.000000490 0
491 0.000000491 0
492 0.000000492 0
493 0.000000493 0
494 0.000000494 0
495 0.000000495 0
496 0.000000496 0
497 0.000000497 0
498 0.000000498 0
499 0.000000499 0
500 0.000000500 0
501 0.000000501 0
502 0.000000502 0
503 0.000000503 0
504 0.000000504 0
505 0.000000505 0
506 0.000000506 0
507 0.000000507 0
508 0.000000508 0
509 0.000000509 0
510 0.000000510 0
511 0.000000511 0
512 0.000000512 0
513 0.000000513 0
514 0.000000514 0
515 0.000000515 0
516 0.000000516 0
517 0.000000517 0
518 0.000000518 0
519 0.000000519 0
520 0.000000520 0
521 0.000000521 0
522 0.000000522 0
523 0.000000523 0
524 0.000000524 0
525 0.000000525 0
526 0.000000526 0
527 0.000000527 0
528 0.000000528 0
529 0.000000529 0
530 0.000000530 0
531 0.000000531 0
532 0.000000532 0
533 0.000000533 0
534 0.000000534 0
535 0.000000535 0
536 0.000000536 0
537 0.000000537 0
538 0.000000538 0
539 0.000000539 0
540 0.000000540 0
541 0.000000541 0
542 0.000000542 0
543 0.000000543 0
544 0.000000544 0
545 0.000000545 0
546 0.000000546 0
547 0.000000547 0
548 0.000000548 0
549 0.000000549 0
550 0.000000550 0
551 0.000000551 0
552 0.000000552 0
553 0.000000553 0
554 0.000000554 0
555 0.000000555 0
556 0.000000556 0
557 0.000000557 0
558 0.000000558 0
559 0.000000559 0
560 0.000000560 0
561 0.000000561 0
562 0.000000562 0
563 0.000000563 0
564 0.000000564 0
565 0.000000565 0
566 0.000000566 0
567 0.000000567 0
568 0.000000568 0
569 0.000000569 0
570 0.000000570 0
571 0.000000571 0
572 0.000000572 0
573 0.000000573 0
574 0.000000574 0
575 0.000000575 0
576 0.000000576 0
577 0.000000577 0
578 0.000000578 0
579 0.000000579 0
580 0.000000580 0
581 0.000000581 0
582 0.000000582 0
583 0.000000583 0
584 0.000000584 0
585 0.000000585 0
586 0.000000586 0
587 0.000000587 0
588 0.000000588 0
589 0.000000589 0
590 0.000000590 0
591 0.000000591 0
592 0.000000592 0
593 0.000000593 0
594 0.000000594 0
595 0.000000595 0
596 0.000000596 0
597 0.000000597 0
598 0.000000598 0
599 0.000000599 0
600 0.000000600 0
601 0.000000601 0
602 0.000000602 0
603 0.000000603 0
604 0.000000604 0
605 0.000000605 0
606 0.000000606 0
607 0.000000607 0
608 0.000000608 0
609 0.000000609 0
610 0.000000610 0
611 0.000000611 0
612 0.000000612 0
613 0.000000613 0
614 0.000000614 0
615 0.000000615 0
616 0.000000616 0
617 0.000000617 0
618 0.000000618 0
619 0.000000619 0
620 0.000000620 0
621 0.000000621 0
622 0.000000622 0
623 0.000000623 0
624 0.000000624 0
625 0.000000625 0
626 0.000000626 0
627 0.000000627 0
628 0.000000628 0
629 0.000000629 0
630 0.000000630 0
631 0.000000631 0
632 0.000000632 0
633 0.000000633 0
634 0.000000634 0
635 0.000000635 0
636 0.000000636 0
637 0.000000637 0
638 0.000000638 0
639 0.000000639 0
640 0.000000640 0
641 0.000000641 0
642 0.000000642 0
643 0.000000643 0
644 0.000000644 0
645 0.000000645 0
646 0.000000646 0
647 0.000000647 0
648 0.000000648 0
649 0.000000649 0
650 0.000000650 0
651 0.000000651 0
652 0.000000652 0
653 0.000000653 0
654 0.000000654 0
655 0.000000655 0
656 0.000000656 0
657 0.000000657 0
658 0.000000658 0
659 0.000000659 0
660 0.000000660 0
661 0.000000661 0
662 0.000000662 0
663 0.000000663 0
664 0.000000664 0
665 0.000000665 0
666 0.000000666 0
667 0.000000667 0
668 0.000000668 0
669 0.000000669 0
670 0.000000670 0
671 0.000000671 0
672 0.000000672 0
673 0.000000673 0
674 0.000000674 0
675 0.000000675 0
676 0.000000676 0
677 0.000000677 0
678 0.000000678 0
679 0.000000679 0
680 0.000000680 0
681 0.000000681 0
682 0.000000682 0
683 0.000000683 0
684 0.000000684 0
685 0.000000685 0
686 0.000000686 0
687 0.000000687 0
688 0.000000688 0
689 0.000000689 0
690 0.000000690 0
691 0.000000691 0
692 0.000000692 0
693 0.000000693 0
694 0.000000694 0
695 0.000000695 0
696 0.000000696 0
697 0.000000697 0
698 0.000000698 0
699 0.000000699 0
700 0.000000700 0
701 0.000000701 0
702 0.000000702 0
703 0.000000703 0
704 0.000000704 0
705 0.000000705 0
706 0.000000706 0
707 0.000000707 0
708 0.000000708 0
709 0.000000709 0
710 0.000000710 0
711 0.000000711 0
712 0.000000712 0
713 0.000000713 0
714 0.000000714 0
715 0.000000715 0
716 0.000000716 0
717 0.000000717 0
718 0.000000718 0
719 0.000000719 0
720 0.000000720 0
721 0.000000721 0
722 0.000000722 0
723 0.000000723 0
724 0.000000724 0
725 0.000000725 0
726 0.000000726 0
727 0.000000727 0
728 0.000000728 0
729 0.000000729 0
730 0.000000730 0
731 0.000000731 0
732 0.000000732 0
733 0.000000733 0
734 0.000000734 0
735 0.000000735 0
736 0.000000736 0
737 0.000000737 0
738 0.000000738 0
739 0.000000739 0
740 0.000000740 0
741 0.000000741 0
742 0.000000742 0
743 0.000000743 0
744 0.000000744 0
745 0.000000745 0
746 0.000000746 0
747 0.000000747 0
748 0.000000748 0
749 0.000000749 0
750 0.000000750 0
751 0.000000751 0
752 0.000000752 0
753 0.000000753 0
754 0.000000754 0
755 0.000000755 0
756 0.000000756 0
757 0.000000757 0
758 0.000000758 0
759 0.000000759 0
760 0.000000760 0
761 0.000000761 0
762 0.000000762 0
763 0.000000763 0
764 0.000000764 0
765 0.000000765 0
766 0.000000766 0
767 0.000000767 0
768 0.000000768 0
769 0.000000769 0
770 0.000000770 0
771 0.000000771 0
772 0.000000772 0
773 0.000000773 0
774 0.000000774 0
775 0.000000775 0
776 0.000000776 0
777 0.000000777 0
778 0.000000778 0
779 0.000000779 0
780 0.000000780 0
781 0.000000781 0
782 0.000000782 0
783 0.000000783 0
784 0.000000784 0
785 0.000000785 0
786 0.000000786 0
787 0.000000787 0
788 0.000000788 0
789 0.000000789 0
790 0.000000790 0
791 0.000000791 0
792 0.000000792 0
793 0.000000793 0
794 0.000000794 0
795 0.000000795 0
796 0.000000796 0
797 0.000000797 0
798 0.000000798 0
799 0.000000799 0
800 0.000000800 0
801 0.000000801 0
802 0.000000802 0
803 0.000000803 0
804 0.000000804 0
805 0.000000805 0
806 0.000000806 0
807 0.000000807 0
808 0.000000808 0
809 0.000000809 0
810 0.000000810 0
811 0.000000811 0
812 0.000000812 0
813 0.000000813 0
814 0.000000814 0
815 0.000000815 0
816 0.000000816 0
817 0.000000817 0
818 0.000000818 0
819 0.000000819 0
820 0.000000820 0
821 0.000000821 0
822 0.000000822 0
823 0.000000823 0
824 0.000000824 0
825 0.000000825 0
826 0.000000826 0
827 0.000000827 0
828 0.000000828 0
829 0.000000829 0
830 0.000000830 0
831 0.000000831 0
832 0.000000832 0
833 0.000000833 0
834 0.000000834 0
835 0.000000835 0
836 0.000000836 0
837 0.000000837 0
838 0.000000838 0
839 0.000000839 0
840 0.000000840 0
841 0.000000841 0
842 0.000000842 0
843 0.000000843 0
844 0.000000844 0
845 0.000000845 0
846 0.000000846 0
847 0.000000847 0
848 0.000000848 0
849 0.000000849 0
850 0.000000850 0
851 0.000000851 0
852 0.000000852 0
853 0.000000853 0
854 0.000000854 0
855 0.000000855 0
856 0.000000856 0
857 0.000000857 0
858 0.000000858 0
859 0.000000859 0
860 0.000000860 0
861 0.000000861 0
862 0.000000862 0
863 0.000000863 0
864 0.000000864 0
865 0.000000865 0
866 0.000000866 0
867 0.000000867 0
868 0.000000868 0
869 0.000000869 0
870 0.000000870 0
871 0.000000871 0
872 0.000000872 0
873 0.000000873 0
874 0.000000874 0
875 0.000000875 0
876 0.000000876 0
877 0.000000877 0
878 0.000000878 0
879 0.000000879 0
880 0.000000880 0
881 0.000000881 0
882 0.000000882 0
883 0.000000883 0
884 0.000000884 0
885 0.000000885 0
886 0.000000886 0
887 0.000000887 0
888 0.000000888 0
889 0.000000889 0
890 0.000000890 0
891 0.000000891 0
892 0.000000892 0
893 0.000000893 0
894 0.000000894 0
895 0.000000895 0
896 0.000000896 0
897 0.000000897 0
898 0.000000898 0
899 0.000000899 0
900 0.000000900 0
901 0.000000901 0
902 0.000000902 0
903 0.000000903 0
904 0.000000904 0
905 0.000000905 0
906 0.000000906 0
907 0.000000907 0
908 0.000000908 0
909 0.000000909 0
910 0.000000910 0
911 0.000000911 0
912 0.000000912 0
913 0.000000913 0
914 0.000000914 0
915 0.000000915 0
916 0.000000916 0
917 0.000000917 0
918 0.000000918 0
919 0.000000919 0
920 0.000000920 0
921 0.000000921 0
922 0.000000922 0
923 0.000000923 0
924 0.000000924 0
925 0.000000925 0
926 0.000000926 0
927 0.000000927 0
928 0.000000928 0
929 0.000000929 0
930 0.000000930 0
931 0.000000931 0
932 0.000000932 0
933 0.000000933 0
934 0.000000934 0
935 0.000000935 0
936 0.000000936 0
937 0.000000937 0
938 0.000000938 0
939 0.000000939 0
940 0.000000940 0
941 0.000000941 0
942 0.000000942 0
943 0.000000943 0
944 0.000000944 0
945 0.000000945 0
946 0.000000946 0
947 0.000000947 0
948 0.000000948 0
949 0.000000949 0
950 0.000000950 0
951 0.000000951 0
952 0.000000952 0
953 0.000000953 0
954 0.000000954 0
955 0.000000955 0
956 0.000000956 0
957 0.000000957 0
958 0.000000958 0
959 0.000000959 0
960 0.000000960 0
961 0.000000961 0
962 0.000000962 0
963 0.000000963 0
964 0.000000964 0
965 0.000000965 0
966 0.000000966 0
967 0.000000967 0
968 0.000000968 0
969 0.000000969 0
970 0.000000970 0
971 0.000000971 0
972 0.000000972 0
973 0.000000973 0
974 0.000000974 0
975 0.000000975 0
976 0.000000976 0
977 0.000000977 0
978 0.000000978 0
979 0.000000979 0
980 0.000000980 0
981 0.000000981 0
982 0.000000982 0
983 0.000000983 0
984 0.000000984 0
985 0.000000985 0
986 0.000000986 0
987 0.000000987 0
988 0.000000988 0
989 0.000000989 0
990 0.000000990 0
991 0.000000991 0
992 0.000000992 0
993 0.000000993 0
994 0.000000994 0
995 0.000000995 0
996 0.000000996 0
997 0.000000997 0
998 0.000000998 0
999 0.000000999 0
1000 0.000001000 0
1001 0.000001001 0
1002 0.000001002 0
1003 0.000001003 0
1004 0.000001004 0
1005 0.000001005 0
1006 0.000001006 0
1007 0.000001007 0
1008 0.000001008 0
1009 0.000001009 0
1010 0.000001010 0
1011 0.000001011 0
1012 0.000001012 0
1013 0.000001013 0
1014 0.000001014 0
1015 0.000001015 0
1016 0.000001016 0
1017 0.000001017 0
1018 0.000001018 0
1019 0.000001019 0
1020 0.000001020 0
1021 0.000001021 0
1022 0.000001022 0
1023 0.000001023 0
1024 0.000001024 0
1025 0.000001025 0
1026 0.000001026 0
1027 0.000001027 0
1028 0.000001028 0
1029 0.000001029 0
1030 0.000001030 0
1031 0.000001031 0
1032 0.000001032 0
1033 0.000001033 0
1034 0.000001034 0
1035 0.000001035 0
1036 0.000001036 0
1037 0.000001037 0
1038 0.000001038 0
1039 0.000001039 0
1040 0.000001040 0
1041 0.000001041 0
1042 0.000001042 0
1043 0.000001043 0
1044 0.000001044 0
1045 0.000001045 0
1046 0.000001046 0
1047 0.000001047 0
1048 0.000001048 0
1049 0.000001049 0
1050 0.000001050 0
1051 0.000001051 0
1052 0.000001052 0
1053 0.000001053 0
1054 0.000001054 0
1055 0.000001055 0
1056 0.000001056 0
1057 0.000001057 0
1058 0.000001058 0
1059 0.000001059 0
1060 0.000001060 0
1061 0.000001061 0
1062 0.000001062 0
1063 0.000001063 0
1064 0.000001064 0
1065 0.000001065 0
1066 0.000001066 0
1067 0.000001067 0
1068 0.000001068 0
1069 0.000001069 0
1070 0.000001070 0
1071 0.000001071 0
1072 0.000001072 0
1073 0.000001073 0
1074 0.000001074 0
1075 0.000001075 0
1076 0.000001076 0
1077 0.000001077 0
1078 0.000001078 0
1079 0.000001079 0
1080 0.000001080 0
1081 0.000001081 0
1082 0.000001082 0
1083 0.000001083 0
1084 0.000001084 0
1085 0.000001085 0
1086 0.000001086 0
1087 0.000001087 0
1088 0.000001088 0
1089 0.000001089 0
1090 0.000001090 0
1091 0.000001091 0
1092 0.000001092 0
1093 0.000001093 0
1094 0.000001094 0
1095 0.000001095 0
1096 0.000001096 0
1097 0.000001097 0
1098 0.000001098 0
1099 0.000001099 0
1100 0.000001100 0
1101 0.000001101 0
1102 0.000001102 0
1103 0.000001103 0
1104 0.000001104 0
1105 0.000001105 0
1106 0.000001106 0
1107 0.000001107 0
1108 0.000001108 0
1109 0.000001109 0
1110 0.000001110 0
1111 0.000001111 0
1112 0.000001112 0
1113 0.000001113 0
1114 0.000001114 0
1115 0.000001115 0
1116 0.000001116 0
1117 0.000001117 0
1118 0.000001118 0
1119 0.000001119 0
1120 0.000001120 0
1121 0.000001121 0
1122 0.000001122 0
1123 0.000001123 0
1124 0.000001124 0
1125 0.000001125 0
1126 0.000001126 0
1127 0.000001127 0
1128 0.000001128 0
1129 0.000001129 0
1130 0.000001130 0
1131 0.000001131 0
1132 0.000001132 0
1133 0.000001133 0
1134 0.000001134 0
1135 0.000001135 0
1136 0.000001136 0
1137 0.000001137 0
1138 0.000001138 0
1139 0.000001139 0
1140 0.000001140 0
1141 0.000001141 0
1142 0.000001142 0
1143 0.000001143 0
1144 0.000001144 0
1145 0.000001145 0
1146 0.000001146 0
1147 0.000001147 0
1148 0.000001148 0
1149 0.000001149 0
1150 0.000001150 0
1151 0.000001151 0
1152 0.000001152 0
1153 0.000001153 0
1154 0.000001154 0
1155 0.000001155 0
1156 0.000001156 0
1157 0.000001157 0
1158 0.000001158 0
1159 0.000001159 0
1160 0.000001160 0
1161 0.000001161 0
1162 0.000001162 0
1163 0.000001163 0
1164 0.000001164 0
1165 0.000001165 0
1166 0.000001166 0
1167 0.000001167 0
1168 0.000001168 0
1169 0.000001169 0
1170 0.000001170 0
1171 0.000001171 0
1172 0.000001172 0
1173 0.000001173 0
1174 0.000001174 0
1175 0.000001175 0
1176 0.000001176 0
1177 0.000001177 0
1178 0.000001178 0
1179 0.000001179 0
1180 0.000001180 0
1181 0.000001181 0
1182 0.000001182 0
1183 0.000001183 0
1184 0.000001184 0
1185 0.000001185 0
1186 0.000001186 0
1187 0.000001187 0
1188 0.000001188 0
1189 0.000001189 0
1190 0.000001190 0
1191 0.000001191 0
1192 0.000001192 0
1193 0.000001193 0
1194 0.000001194 0
1195 0.000001195 0
1196 0.000001196 0
1197 0.000001197 0
1198 0.000001198 0
1199 0.000001199 0
1200 0.000001200 0
1201 0.000001201 0
1202 0.000001202 0
1203 0.000001203 0
1204 0.000001204 0
1205 0.000001205 0
1206 0.000001206 0
1207 0.000001207 0
1208 0.000001208 0
1209 0.000001209 0
1210 0.000001210 0
1211 0.000001211 0
1212 0.000001212 0
1213 0.000001213 0
1214 0.000001214 0
1215 0.000001215 0
1216 0.000001216 0
1217 0.000001217 0
1218 0.000001218 0
1219 0.000001219 0
1220 0.000001220 0
1221 0.000001221 0
1222 0.000001222 0
1223 0.000001223 0
1224 0.000001224 0
1225 0.000001225 0
1226 0.000001226 0
1227 0.000001227 0
1228 0.000001228 0
1229 0.000001229 0
1230 0.000001230 0
1231 0.000001231 0
1232 0.000001232 0
1233 0.000001233 0
1234 0.000001234 0
1235 0.000001235 0
1236 0.000001236 0
1237 0.000001237 0
1238 0.000001238 0
1239 0.000001239 0
1240 0.000001240 0
1241 0.000001241 0
1242 0.000001242 0
1243 0.000001243 0
1244 0.000001244 0
1245 0.000001245 0
1246 0.000001246 0
1247 0.000001247 0
1248 0.000001248 0
1249 0.000001249 0
1250 0.000001250 0
1251 0.000001251 0
1252 0.000001252 0
1253 0.000001253 0
1254 0.000001254 0
1255 0.000001255 0
1256 0.000001256 0
1257 0.000001257 0
1258 0.000001258 0
1259 0.000001259 0
1260 0.000001260 0
1261 0.000001261 0
1262 0.000001262 0
1263 0.000001263 0
1264 0.000001264 0
1265 0.000001265 0
1266 0.000001266 0
1267 0.000001267 0
1268 0.000001268 0
1269 0.000001269 0
1270 0.000001270 0
1271 0.000001271 0
1272 0.000001272 0
1273 0.000001273 0
1274 0.000001274 0
1275 0.000001275 0
1276 0.000001276 0
1277 0.000001277 0
1278 0.000001278 0
1279 0.000001279 0
1280 0.000001280 0
1281 0.000001281 0
1282 0.000001282 0
1283 0.000001283 0
1284 0.000001284 0
1285 0.000001285 0
1286 0.000001286 0
1287 0.000001287 0
1288 0.000001288 0
1289 0.000001289 0
1290 0.000001290 0
1291 0.000001291 0
1292 0.000001292 0
1293 0.000001293 0
1294 0.000001294 0
1295 0.000001295 0
1296 0.000001296 0
1297 0.000001297 0
1298 0.000001298 0
1299 0.000001299 0
1300 0.000001300 0
1301 0.000001301 0
1302 0.000001302 0
1303 0.000001303 0
1304 0.000001304 0
1305 0.000001305 0
1306 0.000001306 0
1307 0.000001307 0
1308 0.000001308 0
1309 0.000001309 0
1310 0.000001310 0
1311 0.000001311 0
1312 0.000001312 0
1313 0.000001313 0
1314 0.000001314 0
1315 0.000001315 0
1316 0.000001316 0
1317 0.000001317 0
1318 0.000001318 0
1319 0.000001319 0
1320 0.000001320 0
1321 0.000001321 0
1322 0.000001322 0
1323 0.000001323 0
1324 0.000001324 0
1325 0.000001325 0
1326 0.000001326 0
1327 0.000001327 0
1328 0.000001328 0
1329 0.000001329 0
1330 0.000001330 0
1331 0.000001331 0
1332 0.000001332 0
1333 0.000001333 0
1334 0.000001334 0
1335 0.000001335 0
1336 0.000001336 0
1337 0.000001337 0
1338 0.000001338 0
1339 0.000001339 0
1340 0.000001340 0
1341 0.000001341 0
1342 0.000001342 0
1343 0.000001343 0
1344 0.000001344 0
1345 0.000001345 0
1346 0.000001346 0
1347 0.000001347 0
1348 0.000001348 0
1349 0.000001349 0
1350 0.000001350 0
1351 0.000001351 0
1352 0.000001352 0
1353 0.000001353 0
1354 0.000001354 0
1355 0.000001355 0
1356 0.000001356 0
1357 0.000001357 0
1358 0.000001358 0
1359 0.000001359 0
1360 0.000001360 0
1361 0.000001361 0
1362 0.000001362 0
1363 0.000001363 0
1364 0.000001364 0
1365 0.000001365 0
1366 0.000001366 0
1367 0.000001367 0
1368 0.000001368 0
1369 0.000001369 0
1370 0.000001370 0
1371 0.000001371 0
1372 0.000001372 0
1373 0.000001373 0
1374 0.000001374 0
1375 0.000001375 0
1376 0.000001376 0
1377 0.000001377 0
1378 0.000001378 0
1379 0.000001379 0
1380 0.000001380 0
1381 0.000001381 0
1382 0.000001382 0
1383 0.000001383 0
1384 0.000001384 0
1385 0.000001385 0
1386 0.000001386 0
1387 0.000001387 0
1388 0.000001388 0
1389 0.000001389 0
1390 0.000001390 0
1391 0.000001391 0
1392 0.000001392 0
1393 0.000001393 0
1394 0.000001394 0
1395 0.000001395 0
1396 0.000001396 0
1397 0.000001397 0
1398 0.000001398 0
1399 0.000001399 0
1400 0.000001400 0
1401 0.000001401 0
1402 0.000001402 0
1403 0.000001403 0
1404 0.000001404 0
1405 0.000001405 0
1406 0.000001406 0
1407 0.000001407 0
1408 0.000001408 0
1409 0.000001409 0
1410 0.000001410 0
1411 0.000001411 0
1412 0.000001412 0
1413 0.000001413 0
1414 0.000001414 0
1415 0.000001415 0
1416 0.000001416 0
1417 0.000001417 0
1418 0.000001418 0
1419 0.000001419 0
1420 0.000001420 0
1421 0.000001421 0
1422 0.000001422 0
1423 0.000001423 0
1424 0.000001424 0
1425 0.000001425 0
1426 0.000001426 0
1427 0.000001427 0
1428 0.000001428 0
1429 0.000001429 0
1430 0.000001430 0
1431 0.000001431 0
1432 0.000001432 0
1433 0.000001433 0
1434 0.000001434 0
1435 0.000001435 0
1436 0.000001436 0
1437 0.000001437 0
1438 0.000001438 0
1439 0.000001439 0
1440 0.000001440 0
1441 0.000001441 0
1442 0.000001442 0
1443 0.000001443 0
1444 0.000001444 0
1445 0.000001445 0
1446 0.000001446 0
1447 0.000001447 0
1448 0.000001448 0
1449 0.000001449 0
1450 0.000001450 0
1451 0.000001451 0
1452 0.000001452 0
1453 0.000001453 0
1454 0.000001454 0
1455 0.000001455 0
1456 0.000001456 0
1457 0.000001457 0
1458 0.000001458 0
1459 0.000001459 0
1460 0.000001460 0
1461 0.000001461 0
1462 0.000001462 0
1463 0.000001463 0
1464 0.000001464 0
1465 0.000001465 0
1466 0.000001466 0
1467 0.000001467 0
1468 0.000001468 0
1469 0.000001469 0
1470 0.000001470 0
1471 0.000001471 0
1472 0.000001472 0
1473 0.000001473 0
1474 0.000001474 0
1475 0.000001475 0
1476 0.000001476 0
1477 0.000001477 0
1478 0.000001478 0
1479 0.000001479 0
1480 0.000001480 0
1481 0.000001481 0
1482 0.000001482 0
1483 0.000001483 0
1484 0.000001484 0
1485 0.000001485 0
1486 0.000001486 0
1487 0.000001487 0
1488 0.000001488 0
1489 0.000001489 0
1490 0.000001490 0
1491 0.000001491 0
1492 0.000001492 0
1493 0.000001493 0
1494 0.000001494 0
1495 0.000001495 0
1496 0.000001496 0
1497 0.000001497 0
1498 0.000001498 0
1499 0.000001499 0
1500 0.000001500 0
1501 0.000001501 0
1502 0.000001502 0
1503 0.000001503 0
1504 0.000001504 0
1505 0.000001505 0
1506 0.000001506 0
1507 0.000001507 0
1508 0.000001508 0
1509 0.000001509 0
1510 0.000001510 0
1511 0.000001511 0
1512 0.000001512 0
1513 0.000001513 0
1514 0.000001514 0
1515 0.000001515 0
1516 0.000001516 0
1517 0.000001517 0
1518 0.000001518 0
1519 0.000001519 0
1520 0.000001520 0
1521 0.000001521 0
1522 0.000001522 0
1523 0.000001523 0
1524 0.000001524 0
1525 0.000001525 0
1526 0.000001526 0
1527 0.000001527 0
1528 0.000001528 0
1529 0.000001529 0
1530 0.000001530 0
1531 0.000001531 0
1532 0.000001532 0
1533 0.000001533 0
1534 0.000001534 0
1535 0.000001535 0
1536 0.000001536 0
1537 0.000001537 0
1538 0.000001538 0
1539 0.000001539 0
1540 0.000001540 0
1541 0.000001541 0
1542 0.000001542 0
1543 0.000001543 0
1544 0.000001544 0
1545 0.000001545 0
1546 0.000001546 0
1547 0.000001547 0
1548 0.000001548 0
1549 0.000001549 0
1550 0.000001550 0
1551 0.000001551 0
1552 0.000001552 0
1553 0.000001553 0
1554 0.000001554 0
1555 0.000001555 0
1556 0.000001556 0
1557 0.000001557 0
1558 0.000001558 0
1559 0.000001559 0
1560 0.000001560 0
1561 0.000001561 0
1562 0.000001562 0
1563 0.000001563 0
1564 0.000001564 0
1565 0.000001565 0
1566 0.000001566 0
1567 0.000001567 0
1568 0.000001568 0
1569 0.000001569 0
1570 0.000001570 0
1571 0.000001571 0
1572 0.000001572 0
1573 0.000001573 0
1574 0.000001574 0
1575 0.000001575 0
1576 0.000001576 0
1577 0.000001577 0
1578 0.000001578 0
1579 0.000001579 0
1580 0.000001580 0
1581 0.000001581 0
1582 0.000001582 0
1583 0.000001583 0
1584 0.000001584 0
1585 0.000001585 0
1586 0.000001586 0
1587 0.000001587 0
1588 0.000001588 0
1589 0.000001589 0
1590 0.000001590 0
1591 0.000001591 0
1592 0.000001592 0
1593 0.000001593 0
1594 0.000001594 0
1595 0.000001595 0
1596 0.000001596 0
1597 0.000001597 0
1598 0.000001598 0
1599 0.000001599 0
1600 0.000001600 0
1601 0.000001601 0
1602 0.000001602 0
1603 0.000001603 0
1604 0.000001604 0
1605 0.000001605 0
1606 0.000001606 0
1607 0.000001607 0
1608 0.000001608 0
1609 0.000001609 0
1610 0.000001610 0
1611 0.000001611 0
1612 0.000001612 0
1613 0.000001613 0
1614 0.000001614 0
1615 0.000001615 0
1616 0.000001616 0
1617 0.000001617 0
1618 0.000001618 0
1619 0.000001619 0
1620 0.000001620 0
1621 0.000001621 0
1622 0.000001622 0
1623 0.000001623 0
1624 0.000001624 0
1625 0.000001625 0
1626 0.000001626 0
1627 0.000001627 0
1628 0.000001628 0
1629 0.000001629 0
1630 0.000001630 0
1631 0.000001631 0
1632 0.000001632 0
1633 0.000001633 0
1634 0.000001634 0
1635 0.000001635 0
1636 0.000001636 0
1637 0.000001637 0
1638 0.000001638 0
1639 0.000001639 0
1640 0.000001640 0
1641 0.000001641 0
1642 0.000001642 0
1643 0.000001643 0
1644 0.000001644 0
1645 0.000001645 0
1646 0.000001646 0
1647 0.000001647 0
1648 0.000001648 0
1649 0.000001649 0
1650 0.000001650 0
1651 0.000001651 0
1652 0.000001652 0
1653 0.000001653 0
1654 0.000001654 0
1655 0.000001655 0
1656 0.000001656 0
1657 0.000001657 0
1658 0.000001658 0
1659 0.000001659 0
1660 0.000001660 0
1661 0.000001661 0
1662 0.000001662 0
1663 0.000001663 0
1664 0.000001664 0
1665 0.000001665 0
1666 0.000001666 0
1667 0.000001667 0
1668 0.000001668 0
1669 0.000001669 0
1670 0.000001670 0
1671 0.000001671 0
1672 0.000001672 0
1673 0.000001673 0
1674 0.000001674 0
1675 0.000001675 0
1676 0.000001676 0
1677 0.000001677 0
1678 0.000001678 0
1679 0.000001679 0
1680 0.000001680 0
1681 0.000001681 0
1682 0.000001682 0
1683 0.000001683 0
1684 0.000001684 0
1685 0.000001685 0
1686 0.000001686 0
1687 0.000001687 0
1688 0.000001688 0
1689 0.000001689 0
1690 0.000001690 0
1691 0.000001691 0
1692 0.000001692 0
1693 0.000001693 0
1694 0.000001694 0
1695 0.000001695 0
1696 0.000001696 0
1697 0.000001697 0
1698 0.000001698 0
1699 0.000001699 0
1700 0.000001700 0
1701 0.000001701 0
1702 0.000001702 0
1703 0.000001703 0
1704 0.000001704 0
1705 0.000001705 0
1706 0.000001706 0
1707 0.000001707 0
1708 0.000001708 0
1709 0.000001709 0
1710 0.000001710 0
1711 0.000001711 0
1712 0.000001712 0
1713 0.000001713 0
1714 0.000001714 0
1715 0.000001715 0
1716 0.000001716 0
1717 0.000001717 0
1718 0.000001718 0
1719 0.000001719 0
1720 0.000001720 0
1721 0.000001721 0
1722 0.000001722 0
1723 0.000001723 0
1724 0.000001724 0
1725 0.000001725 0
1726 0.000001726 0
1727 0.000001727 0
1728 0.000001728 0
1729 0.000001729 0
1730 0.000001730 0
1731 0.000001731 0
1732 0.000001732 0
1733 0.000001733 0
1734 0.000001734 0
1735 0.000001735 0
1736 0.000001736 0
1737 0.000001737 0
1738 0.000001738 0
1739 0.000001739 0
1740 0.000001740 0
1741 0.000001741 0
1742 0.000001742 0
1743 0.000001743 0
1744 0.000001744 0
1745 0.000001745 0
1746 0.000001746 0
1747 0.000001747 0
1748 0.000001748 0
1749 0.000001749 0
1750 0.000001750 0
1751 0.000001751 0
1752 0.000001752 0
1753 0.000001753 0
1754 0.000001754 0
1755 0.000001755 0
1756 0.000001756 0
1757 0.000001757 0
1758 0.000001758 0
1759 0.000001759 0
1760 0.000001760 0
1761 0.000001761 0
1762 0.000001762 0
1763 0.000001763 0
1764 0.000001764 0
1765 0.000001765 0
1766 0.000001766 0
1767 0.000001767 0
1768 0.000001768 0
1769 0.000001769 0
1770 0.000001770 0
1771 0.000001771 0
1772 0.000001772 0
1773 0.000001773 0
1774 0.000001774 0
1775 0.000001775 0
1776 0.000001776 0
1777 0.000001777 0
1778 0.000001778 0
1779 0.000001779 0
1780 0.000001780 0
1781 0.000001781 0
1782 0.000001782 0
1783 0.000001783 0
1784 0.000001784 0
1785 0.000001785 0
1786 0.000001786 0
1787 0.000001787 0
1788 0.000001788 0
1789 0.000001789 0
1790 0.000001790 0
1791 0.000001791 0
1792 0.000001792 0
1793 0.000001793 0
1794 0.000001794 0
1795 0.000001795 0
1796 0.000001796 0
1797 0.000001797 0
1798 0.000001798 0
1799 0.000001799 0
1800 0.000001800 0
1801 0.000001801 0
1802 0.000001802 0
1803 0.000001803 0
1804 0.000001804 0
1805 0.000001805 0
1806 0.000001806 0
1807 0.000001807 0
1808 0.000001808 0
1809 0.000001809 0
1810 0.000001810 0
1811 0.000001811 0
1812 0.000001812 0
1813 0.000001813 0
1814 0.000001814 0
1815 0.000001815 0
1816 0.000001816 0
1817 0.000001817 0
1818 0.000001818 0
1819 0.000001819 0
1820 0.000001820 0
1821 0.000001821 0
1822 0.000001822 0
1823 0.000001823 0
1824 0.000001824 0
1825 0.000001825 0
1826 0.000001826 0
1827 0.000001827 0
1828 0.000001828 0
1829 0.000001829 0
1830 0.000001830 0
1831 0.000001831 0
1832 0.000001832 0
1833 0.000001833 0
1834 0.000001834 0
1835 0.000001835 0
1836 0.000001836 0
1837 0.000001837 0
1838 0.000001838 0
1839 0.000001839 0
1840 0.000001840 0
1841 0.000001841 0
1842 0.000001842 0
1843 0.000001843 0
1844 0.000001844 0
1845 0.000001845 0
1846 0.000001846 0
1847 0.000001847 0
1848 0.000001848 0
1849 0.000001849 0
1850 0.000001850 0
1851 0.000001851 0
1852 0.000001852 0
1853 0.000001853 0
1854 0.000001854 0
1855 0.000001855 0
1856 0.000001856 0
1857 0.000001857 0
1858 0.000001858 0
1859 0.000001859 0
1860 0.000001860 0
1861 0.000001861 0
1862 0.000001862 0
1863 0.000001863 0
1864 0.000001864 0
1865 0.000001865 0
1866 0.000001866 0
1867 0.000001867 0
1868 0.000001868 0
1869 0.000001869 0
1870 0.000001870 0
1871 0.000001871 0
1872 0.000001872 0
1873 0.000001873 0
1874 0.000001874 0
1875 0.000001875 0
1876 0.000001876 0
1877 0.000001877 0
1878 0.000001878 0
1879 0.000001879 0
1880 0.000001880 0
1881 0.000001881 0
1882 0.000001882 0
1883 0.000001883 0
1884 0.000001884 0
1885 0.000001885 0
1886 0.000001886 0
1887 0.000001887 0
1888 0.000001888 0
1889 0.000001889 0
1890 0.000001890 0
1891 0.000001891 0
1892 0.000001892 0
1893 0.000001893 0
1894 0.000001894 0
1895 0.000001895 0
1896 0.000001896 0
1897 0.000001897 0
1898 0.000001898 0
1899 0.000001899 0
1900 0.000001900 0
1901 0.000001901 0
1902 0.000001902 0
1903 0.000001903 0
1904 0.000001904 0
1905 0.000001905 0
1906 0.000001906 0
1907 0.000001907 0
1908 0.000001908 0
1909 0.000001909 0
1910 0.000001910 0
1911 0.000001911 0
1912 0.000001912 0
1913 0.000001913 0
1914 0.000001914 0
1915 0.000001915 0
1916 0.000001916 0
1917 0.000001917 0
1918 0.000001918 0
1919 0.000001919 0
1920 0.000001920 0
1921 0.000001921 0
1922 0.000001922 0
1923 0.000001923 0
1924 0.000001924 0
1925 0.000001925 0
1926 0.000001926 0
1927 0.000001927 0
1928 0.000001928 0
1929 0.000001929 0
1930 0.000001930 0
1931 0.000001931 0
1932 0.000001932 0
1933 0.000001933 0
1934 0.000001934 0
1935 0.000001935 0
1936 0.000001936 0
1937 0.000001937 0
1938 0.000001938 0
1939 0.000001939 0
1940 0.000001940 0
1941 0.000001941 0
1942 0.000001942 0
1943 0.000001943 0
1944 0.000001944 0
1945 0.000001945 0
1946 0.000001946 0
1947 0.000001947 0
1948 0.000001948 0
1949 0.000001949 0
1950 0.000001950 0
1951 0.000001951 0
1952 0.000001952 0
1953 0.000001953 0
1954 0.000001954 0
1955 0.000001955 0
1956 0.000001956 0
1957 0.000001957 0
1958 0.000001958 0
1959 0.000001959 0
1960 0.000001960 0
1961 0.000001961 0
1962 0.000001962 0
1963 0.000001963 0
1964 0.000001964 0
1965 0.000001965 0
1966 0.000001966 0
1967 0.000001967 0
1968 0.000001968 0
1969 0.000001969 0
1970 0.000001970 0
1971 0.000001971 0
1972 0.000001972 0
1973 0.000001973 0
1974 0.000001974 0
1975 0.000001975 0
1976 0.000001976 0
1977 0.000001977 0
1978 0.000001978 0
1979 0.000001979 0
1980 0.000001980 0
1981 0.000001981 0
1982 0.000001982 0
1983 0.000001983 0
1984 0.000001984 0
1985 0.000001985 0
1986 0.000001986 0
1987 0.000001987 0
1988 0.000001988 0
1989 0.000001989 0
1990 0.000001990 0
1991 0.000001991 0
1992 0.000001992 0
1993 0.000001993 0
1994 0.000001994 0
1995 0.000001995 0
1996 0.000001996 0
1997 0.000001997 0
1998 0.000001998 0
1999 0.000001999 0
2000 0.000002000 0
2001 0.000002001 0
2002 0.000002002 0
2003 0.000002003 0
2004 0.000002004 0
2005 0.000002005 0
2006 0.000002006 0
2007 0.000002007 0
2008 0.000002008 0
2009 0.000002009 0
2010 0.000002010 0
2011 0.000002011 0
2012 0.000002012 0
2013 0.000002013 0
2014 0.000002014 0
2015 0.000002015 0
2016 0.000002016 0
2017 0.000002017 0
2018 0.000002018 0
2019 0.000002019 0
2020 0.000002020 0
2021 0.000002021 0
2022 0.000002022 0
2023 0.000002023 0
2024 0.000002024 0
2025 0.000002025 0
2026 0.000002026 0
2027 0.000002027 0
2028 0.000002028 0
2029 0.000002029 0
2030 0.000002030 0
2031 0.000002031 0
2032 0.000002032 0
2033 0.000002033 0
2034 0.000002034 0
2035 0.000002035 0
2036 0.000002036 0
2037 0.000002037 0
2038 0.000002038 0
2039 0.000002039 0
2040 0.000002040 0
2041 0.000002041 0
2042 0.000002042 0
2043 0.000002043 0
2044 0.000002044 0
2045 0.000002045 0
2046 0.000002046 0
2047 0.000002047 0
2048 0.000002048 0
2049 0.000002049 0
2050 0.000002050 0
2051 0.000002051 0
2052 0.000002052 0
2053 0.000002053 0
2054 0.000002054 0
2055 0.000002055 0
2056 0.000002056 0
2057 0.000002057 0
2058 0.000002058 0
2059 0.000002059 0
2060 0.000002060 0
2061 0.000002061 0
2062 0.000002062 0
2063 0.000002063 0
2064 0.000002064 0
2065 0.000002065 0
2066 0.000002066 0
2067 0.000002067 0
2068 0.000002068 0
2069 0.000002069 0
2070 0.000002070 0
2071 0.000002071 0
2072 0.000002072 0
2073 0.000002073 0
2074 0.000002074 0
2075 0.000002075 0
2076 0.000002076 0
2077 0.000002077 0
2078 0.000002078 0
2079 0.000002079 0
2080 0.000002080 0
2081 0.000002081 0
2082 0.000002082 0
2083 0.000002083 0
2084 0.000002084 0
2085 0.000002085 0
2086 0.000002086 0
2087 0.000002087 0
2088 0.000002088 0
2089 0.000002089 0
2090 0.000002090 0
2091 0.000002091 0
2092 0.000002092 0
2093 0.000002093 0
2094 0.000002094 0
2095 0.000002095 0
2096 0.000002096 0
2097 0.000002097 0
2098 0.000002098 0
2099 0.000002099 0
2100 0.000002100 0
2101 0.000002101 0
2102 0.000002102 0
2103 0.000002103 0
2104 0.000002104 0
2105 0.000002105 0
2106 0.000002106 0
2107 0.000002107 0
2108 0.000002108 0
2109 0.000002109 0
2110 0.000002110 0
2111 0.000002111 0
2112 0.000002112 0
2113 0.000002113 0
2114 0.000002114 0
2115 0.000002115 0
2116 0.000002116 0
2117 0.000002117 0
2118 0.000002118 0
2119 0.000002119 0
2120 0.000002120 0
2121 0.000002121 0
2122 0.000002122 0
2123 0.000002123 0
2124 0.000002124 0
2125 0.000002125 0
2126 0.000002126 0
2127 0.000002127 0
2128 0.000002128 0
2129 0.000002129 0
2130 0.000002130 0
2131 0.000002131 0
2132 0.000002132 0
2133 0.000002133 0
2134 0.000002134 0
2135 0.000002135 0
2136 0.000002136 0
2137 0.000002137 0
2138 0.000002138 0
2139 0.000002139 0
2140 0.000002140 0
2141 0.000002141 0
2142 0.000002142 0
2143 0.000002143 0
2144 0.000002144 0
2145 0.000002145 0
2146 0.000002146 0
2147 0.000002147 0
2148 0.000002148 0
2149 0.000002149 0
2150 0.000002150 0
2151 0.000002151 0
2152 0.000002152 0
2153 0.000002153 0
2154 0.000002154 0
2155 0.000002155 0
2156 0.000002156 0
2157 0.000002157 0
2158 0.000002158 0
2159 0.000002159 0
2160 0.000002160 0
2161 0.000002161 0
2162 0.000002162 0
2163 0.000002163 0
2164 0.000002164 0
2165 0.000002165 0
2166 0.000002166 0
2167 0.000002167 0
2168 0.000002168 0
2169 0.000002169 0
2170 0.000002170 0
2171 0.000002171 0
2172 0.000002172 0
2173 0.000002173 0
2174 0.000002174 0
2175 0.000002175 0
2176 0.000002176 0
2177 0.000002177 0
2178 0.000002178 0
2179 0.000002179 0
2180 0.000002180 0
2181 0.000002181 0
2182 0.000002182 0
2183 0.000002183 0
2184 0.000002184 0
2185 0.000002185 0
2186 0.000002186 0
2187 0.000002187 0
2188 0.000002188 0
2189 0.000002189 0
2190 0.000002190 0
2191 0.000002191 0
2192 0.000002192 0
2193 0.000002193 0
2194 0.000002194 0
2195 0.000002195 0
2196 0.000002196 0
2197 0.000002197 0
2198 0.000002198 0
2199 0.000002199 0
2200 0.000002200 0
2201 0.000002201 0
2202 0.000002202 0
2203 0.000002203 0
2204 0.000002204 0
2205 0.000002205 0
2206 0.000002206 0
2207 0.000002207 0
2208 0.000002208 0
2209 0.000002209 0
2210 0.000002210 0
2211 0.000002211 0
2212 0.000002212 0
2213 0.000002213 0
2214 0.000002214 0
2215 0.000002215 0
2216 0.000002216 0
2217 0.000002217 0
2218 0.000002218 0
2219 0.000002219 0
2220 0.000002220 0
2221 0.000002221 0
2222 0.000002222 0
2223 0.000002223 0
2224 0.000002224 0
2225 0.000002225 0
2226 0.000002226 0
2227 0.000002227 0
2228 0.000002228 0
2229 0.000002229 0
2230 0.000002230 0
2231 0.000002231 0
2232 0.000002232 0
2233 0.000002233 0
2234 0.000002234 0
2235 0.000002235 0
2236 0.000002236 0
2237 0.000002237 0
2238 0.000002238 0
2239 0.000002239 0
2240 0.000002240 0
2241 0.000002241 0
2242 0.000002242 0
2243 0.000002243 0
2244 0.000002244 0
2245 0.000002245 0
2246 0.000002246 0
2247 0.000002247 0
2248 0.000002248 0
2249 0.000002249 0
2250 0.000002250 0
2251 0.000002251 0
2252 0.000002252 0
2253 0.000002253 0
2254 0.000002254 0
2255 0.000002255 0
2256 0.000002256 0
2257 0.000002257 0
2258 0.000002258 0
2259 0.000002259 0
2260 0.000002260 0
2261 0.000002261 0
2262 0.000002262 0
2263 0.000002263 0
2264 0.000002264 0
2265 0.000002265 0
2266 0.000002266 0
2267 0.000002267 0
2268 0.000002268 0
2269 0.000002269 0
2270 0.000002270 0
2271 0.000002271 0
2272 0.000002272 0
2273 0.000002273 0
2274 0.000002274 0
2275 0.000002275 0
2276 0.000002276 0
2277 0.000002277 0
2278 0.000002278 0
2279 0.000002279 0
2280 0.000002280 0
2281 0.000002281 0
2282 0.000002282 0
2283 0.000002283 0
2284 0.000002284 0
2285 0.000002285 0
2286 0.000002286 0
2287 0.000002287 0
2288 0.000002288 0
2289 0.000002289 0
2290 0.000002290 0
2291 0.000002291 0
2292 0.000002292 0
2293 0.000002293 0
2294 0.000002294 0
2295 0.000002295 0
2296 0.000002296 0
2297 0.000002297 0
2298 0.000002298 0
2299 0.000002299 0
2300 0.000002300 0
2301 0.000002301 0
2302 0.000002302 0
2303 0.000002303 0
2304 0.000002304 0
2305 0.000002305 0
2306 0.000002306 0
2307 0.000002307 0
2308 0.000002308 0
2309 0.000002309 0
2310 0.000002310 0
2311 0.000002311 0
2312 0.000002312 0
2313 0.000002313 0
2314 0.000002314 0
2315 0.000002315 0
2316 0.000002316 0
2317 0.000002317 0
2318 0.000002318 0
2319 0.000002319 0
2320 0.000002320 0
2321 0.000002321 0
2322 0.000002322 0
2323 0.000002323 0
2324 0.000002324 0
2325 0.000002325 0
2326 0.000002326 0
2327 0.000002327 0
2328 0.000002328 0
2329 0.000002329 0
2330 0.000002330 0
2331 0.000002331 0
2332 0.000002332 0
2333 0.000002333 0
2334 0.000002334 0
2335 0.000002335 0
2336 0.000002336 0
2337 0.000002337 0
2338 0.000002338 0
2339 0.000002339 0
2340 0.000002340 0
2341 0.000002341 0
2342 0.000002342 0
2343 0.000002343 0
2344 0.000002344 0
2345 0.000002345 0
2346 0.000002346 0
2347 0.000002347 0
2348 0.000002348 0
2349 0.000002349 0
2350 0.000002350 0
2351 0.000002351 0
2352 0.000002352 0
2353 0.000002353 0
2354 0.000002354 0
2355 0.000002355 0
2356 0.000002356 0
2357 0.000002357 0
2358 0.000002358 0
2359 0.000002359 0
2360 0.000002360 0
2361 0.000002361 0
2362 0.000002362 0
2363 0.000002363 0
2364 0.000002364 0
2365 0.000002365 0
2366 0.000002366 0
2367 0.000002367 0
2368 0.000002368 0
2369 0.000002369 0
2370 0.000002370 0
2371 0.000002371 0
2372 0.000002372 0
2373 0.000002373 0
2374 0.000002374 0
2375 0.000002375 0
2376 0.000002376 0
2377 0.000002377 0
2378 0.000002378 0
2379 0.000002379 0
2380 0.000002380 0
2381 0.000002381 0
2382 0.000002382 0
2383 0.000002383 0
2384 0.000002384 0
2385 0.000002385 0
2386 0.000002386 0
2387 0.000002387 0
2388 0.000002388 0
2389 0.000002389 0
2390 0.000002390 0
2391 0.000002391 0
2392 0.000002392 0
2393 0.000002393 0
2394 0.000002394 0
2395 0.000002395 0
2396 0.000002396 0
2397 0.000002397 0
2398 0.000002398 0
2399 0.000002399 0
2400 0.000002400 0
2401 0.000002401 0
2402 0.000002402 0
2403 0.000002403 0
2404 0.000002404 0
2405 0.000002405 0
2406 0.000002406 0
2407 0.000002407 0
2408 0.000002408 0
2409 0.000002409 0
2410 0.000002410 0
2411 0.000002411 0
2412 0.000002412 0
2413 0.000002413 0
2414 0.000002414 0
2415 0.000002415 0
2416 0.000002416 0
2417 0.000002417 0
2418 0.000002418 0
2419 0.000002419 0
2420 0.000002420 0
2421 0.000002421 0
2422 0.000002422 0
2423 0.000002423 0
2424 0.000002424 0
2425 0.000002425 0
2426 0.000002426 0
2427 0.000002427 0
2428 0.000002428 0
2429 0.000002429 0
2430 0.000002430 0
2431 0.000002431 0
2432 0.000002432 0
2433 0.000002433 0
2434 0.000002434 0
2435 0.000002435 0
2436 0.000002436 0
2437 0.000002437 0
2438 0.000002438 0
2439 0.000002439 0
2440 0.000002440 0
2441 0.000002441 0
2442 0.000002442 0
2443 0.000002443 0
2444 0.000002444 0
2445 0.000002445 0
2446 0.000002446 0
2447 0.000002447 0
2448 0.000002448 0
2449 0.000002449 0
2450 0.000002450 0
2451 0.000002451 0
2452 0.000002452 0
2453 0.000002453 0
2454 0.000002454 0
2455 0.000002455 0
2456 0.000002456 0
2457 0.000002457 0
2458 0.000002458 0
2459 0.000002459 0
2460 0.000002460 0
2461 0.000002461 0
2462 0.000002462 0
2463 0.000002463 0
2464 0.000002464 0
2465 0.000002465 0
2466 0.000002466 0
2467 0.000002467 0
2468 0.000002468 0
2469 0.000002469 0
2470 0.000002470 0
2471 0.000002471 0
2472 0.000002472 0
2473 0.000002473 0
2474 0.000002474 0
2475 0.000002475 0
2476 0.000002476 0
2477 0.000002477 0
2478 0.000002478 0
2479 0.000002479 0
2480 0.000002480 0
2481 0.000002481 0
2482 0.000002482 0
2483 0.000002483 0
2484 0.000002484 0
2485 0.000002485 0
2486 0.000002486 0
2487 0.000002487 0
2488 0.000002488 0
2489 0.000002489 0
2490 0.000002490 0
2491 0.000002491 0
2492 0.000002492 0
2493 0.000002493 0
2494 0.000002494 0
2495 0.000002495 0
2496 0.000002496 0
2497 0.000002497 0
2498 0.000002498 0
2499 0.000002499 0
2500 0.000002500 0
2501 0.000002501 0
2502 0.000002502 0
2503 0.000002503 0
2504 0.000002504 0
2505 0.000002505 0
2506 0.000002506 0
2507 0.000002507 0
2508 0.000002508 0
2509 0.000002509 0
2510 0.000002510 0
2511 0.000002511 0
2512 0.000002512 0
2513 0.000002513 0
2514 0.000002514 0
2515 0.000002515 0
2516 0.000002516 0
2517 0.000002517 0
2518 0.000002518 0
2519 0.000002519 0
2520 0.000002520 0
2521 0.000002521 0
2522 0.000002522 0
2523 0.000002523 0
2524 0.000002524 0
2525 0.000002525 0
2526 0.000002526 0
2527 0.000002527 0
2528 0.000002528 0
2529 0.000002529 0
2530 0.000002530 0
2531 0.000002531 0
2532 0.000002532 0
2533 0.000002533 0
2534 0.000002534 0
2535 0.000002535 0
2536 0.000002536 0
2537 0.000002537 0
2538 0.000002538 0
2539 0.000002539 0
2540 0.000002540 0
2541 0.000002541 0
2542 0.000002542 0
2543 0.000002543 0
2544 0.000002544 0
2545 0.000002545 0
2546 0.000002546 0
2547 0.000002547 0
2548 0.000002548 0
2549 0.000002549 0
2550 0.000002550 0
2551 0.000002551 0
2552 0.000002552 0
2553 0.000002553 0
2554 0.000002554 0
2555 0.000002555 0
2556 0.000002556 0
2557 0.000002557 0
2558 0.000002558 0
2559 0.000002559 0
2560 0.000002560 0
2561 0.000002561 0
2562 0.000002562 0
2563 0.000002563 0
2564 0.000002564 0
2565 0.000002565 0
2566 0.000002566 0
2567 0.000002567 0
2568 0.000002568 0
2569 0.000002569 0
2570 0.000002570 0
2571 0.000002571 0
2572 0.000002572 0
2573 0.000002573 0
2574 0.000002574 0
2575 0.000002575 0
2576 0.000002576 0
2577 0.000002577 0
2578 0.000002578 0
2579 0.000002579 0
2580 0.000002580 0
2581 0.000002581 0
2582 0.000002582 0
2583 0.000002583 0
2584 0.000002584 0
2585 0.000002585 0
2586 0.000002586 0
2587 0.000002587 0
2588 0.000002588 0
2589 0.000002589 0
2590 0.000002590 0
2591 0.000002591 0
2592 0.000002592 0
2593 0.000002593 0
2594 0.000002594 0
2595 0.000002595 0
2596 0.000002596 0
2597 0.000002597 0
2598 0.000002598 0
2599 0.000002599 0
2600 0.000002600 0
2601 0.000002601 0
2602 0.000002602 0
2603 0.000002603 0
2604 0.000002604 0
2605 0.000002605 0
2606 0.000002606 0
2607 0.000002607 0
2608 0.000002608 0
2609 0.000002609 0
2610 0.000002610 0
2611 0.000002611 0
2612 0.000002612 0
2613 0.000002613 0
2614 0.000002614 0
2615 0.000002615 0
2616 0.000002616 0
2617 0.000002617 0
2618 0.000002618 0
2619 0.000002619 0
2620 0.000002620 0
2621 0.000002621 0
2622 0.000002622 0
2623 0.000002623 0
2624 0.000002624 0
2625 0.000002625 0
2626 0.000002626 0
2627 0.000002627 0
2628 0.000002628 0
2629 0.000002629 0
2630 0.000002630 0
2631 0.000002631 0
2632 0.000002632 0
2633 0.000002633 0
2634 0.000002634 0
2635 0.000002635 0
2636 0.000002636 0
2637 0.000002637 0
2638 0.000002638 0
2639 0.000002639 0
2640 0.000002640 0
2641 0.000002641 0
2642 0.000002642 0
2643 0.000002643 0
2644 0.000002644 0
2645 0.000002645 0
2646 0.000002646 0
2647 0.000002647 0
2648 0.000002648 0
2649 0.000002649 0
2650 0.000002650 0
2651 0.000002651 0
2652 0.000002652 0
2653 0.000002653 0
2654 0.000002654 0
2655 0.000002655 0
2656 0.000002656 0
2657 0.000002657 0
2658 0.000002658 0
2659 0.000002659 0
2660 0.000002660 0
2661 0.000002661 0
2662 0.000002662 0
2663 0.000002663 0
2664 0.000002664 0
2665 0.000002665 0
2666 0.000002666 0
2667 0.000002667 0
2668 0.000002668 0
2669 0.000002669 0
2670 0.000002670 0
2671 0.000002671 0
2672 0.000002672 0
2673 0.000002673 0
2674 0.000002674 0
2675 0.000002675 0
2676 0.000002676 0
2677 0.000002677 0
2678 0.000002678 0
2679 0.000002679 0
2680 0.000002680 0
2681 0.000002681 0
2682 0.000002682 0
2683 0.000002683 0
2684 0.000002684 0
2685 0.000002685 0
2686 0.000002686 0
2687 0.000002687 0
2688 0.000002688 0
2689 0.000002689 0
2690 0.000002690 0
2691 0.000002691 0
2692 0.000002692 0
2693 0.000002693 0
2694 0.000002694 0
2695 0.000002695 0
2696 0.000002696 0
2697 0.000002697 0
2698 0.000002698 0
2699 0.000002699 0
2700 0.000002700 0
2701 0.000002701 0
2702 0.000002702 0
2703 0.000002703 0
2704 0.000002704 0
2705 0.000002705 0
2706 0.000002706 0
2707 0.000002707 0
2708 0.000002708 0
2709 0.000002709 0
2710 0.000002710 0
2711 0.000002711 0
2712 0.000002712 0
2713 0.000002713 0
2714 0.000002714 0
2715 0.000002715 0
2716 0.000002716 0
2717 0.000002717 0
2718 0.000002718 0
2719 0.000002719 0
2720 0.000002720 0
2721 0.000002721 0
2722 0.000002722 0
2723 0.000002723 0
2724 0.000002724 0
2725 0.000002725 0
2726 0.000002726 0
2727 0.000002727 0
2728 0.000002728 0
2729 0.000002729 0
2730 0.000002730 0
2731 0.000002731 0
2732 0.000002732 0
2733 0.000002733 0
2734 0.000002734 0
2735 0.000002735 0
2736 0.000002736 0
2737 0.000002737 0
2738 0.000002738 0
2739 0.000002739 0
2740 0.000002740 0
2741 0.000002741 0
2742 0.000002742 0
2743 0.000002743 0
2744 0.000002744 0
2745 0.000002745 0
2746 0.000002746 0
2747 0.000002747 0
2748 0.000002748 0
2749 0.000002749 0
2750 0.000002750 0
2751 0.000002751 0
2752 0.000002752 0
2753 0.000002753 0
2754 0.000002754 0
2755 0.000002755 0
2756 0.000002756 0
2757 0.000002757 0
2758 0.000002758 0
2759 0.000002759 0
2760 0.000002760 0
2761 0.000002761 0
2762 0.000002762 0
2763 0.000002763 0
2764 0.000002764 0
2765 0.000002765 0
2766 0.000002766 0
2767 0.000002767 0
2768 0.000002768 0
2769 0.000002769 0
2770 0.000002770 0
2771 0.000002771 0
2772 0.000002772 0
2773 0.000002773 0
2774 0.000002774 0
2775 0.000002775 0
2776 0.000002776 0
2777 0.000002777 0
2778 0.000002778 0
2779 0.000002779 0
2780 0.000002780 0
2781 0.000002781 0
2782 0.000002782 0
2783 0.000002783 0
2784 0.000002784 0
2785 0.000002785 0
2786 0.000002786 0
2787 0.000002787 0
2788 0.000002788 0
2789 0.000002789 0
2790 0.000002790 0
2791 0.000002791 0
2792 0.000002792 0
2793 0.000002793 0
2794 0.000002794 0
2795 0.000002795 0
2796 0.000002796 0
2797 0.000002797 0
2798 0.000002798 0
2799 0.000002799 0
2800 0.000002800 0
2801 0.000002801 0
2802 0.000002802 0
2803 0.000002803 0
2804 0.000002804 0
2805 0.000002805 0
2806 0.000002806 0
2807 0.000002807 0
2808 0.000002808 0
2809 0.000002809 0
2810 0.000002810 0
2811 0.000002811 0
2812 0.000002812 0
2813 0.000002813 0
2814 0.000002814 0
2815 0.000002815 0
2816 0.000002816 0
2817 0.000002817 0
2818 0.000002818 0
2819 0.000002819 0
2820 0.000002820 0
2821 0.000002821 0
2822 0.000002822 0
2823 0.000002823 0
2824 0.000002824 0
2825 0.000002825 0
2826 0.000002826 0
2827 0.000002827 0
2828 0.000002828 0
2829 0.000002829 0
2830 0.000002830 0
2831 0.000002831 0
2832 0.000002832 0
2833 0.000002833 0
2834 0.000002834 0
2835 0.000002835 0
2836 0.000002836 0
2837 0.000002837 0
2838 0.000002838 0
2839 0.000002839 0
2840 0.000002840 0
2841 0.000002841 0
2842 0.000002842 0
2843 0.000002843 0
2844 0.000002844 0
2845 0.000002845 0
2846 0.000002846 0
2847 0.000002847 0
2848 0.000002848 0
2849 0.000002849 0
2850 0.000002850 0
2851 0.000002851 0
2852 0.000002852 0
2853 0.000002853 0
2854 0.000002854 0
2855 0.000002855 0
2856 0.000002856 0
2857 0.000002857 0
2858 0.000002858 0
2859 0.000002859 0
2860 0.000002860 0
2861 0.000002861 0
2862 0.000002862 0
2863 0.000002863 0
2864 0.000002864 0
2865 0.000002865 0
2866 0.000002866 0
2867 0.000002867 0
2868 0.000002868 0
2869 0.000002869 0
2870 0.000002870 0
2871 0.000002871 0
2872 0.000002872 0
2873 0.000002873 0
2874 0.000002874 0
2875 0.000002875 0
2876 0.000002876 0
2877 0.000002877 0
2878 0.000002878 0
2879 0.000002879 0
2880 0.000002880 0
2881 0.000002881 0
2882 0.000002882 0
2883 0.000002883 0
2884 0.000002884 0
2885 0.000002885 0
2886 0.000002886 0
2887 0.000002887 0
2888 0.000002888 0
2889 0.000002889 0
2890 0.000002890 0
2891 0.000002891 0
2892 0.000002892 0
2893 0.000002893 0
2894 0.000002894 0
2895 0.000002895 0
2896 0.000002896 0
2897 0.000002897 0
2898 0.000002898 0
2899 0.000002899 0
2900 0.000002900 0
2901 0.000002901 0
2902 0.000002902 0
2903 0.000002903 0
2904 0.000002904 0
2905 0.000002905 0
2906 0.000002906 0
2907 0.000002907 0
2908 0.000002908 0
2909 0.000002909 0
2910 0.000002910 0
2911 0.000002911 0
2912 0.000002912 0
2913 0.000002913 0
2914 0.000002914 0
2915 0.000002915 0
2916 0.000002916 0
2917 0.000002917 0
2918 0.000002918 0
2919 0.000002919 0
2920 0.000002920 0
2921 0.000002921 0
2922 0.000002922 0
2923 0.000002923 0
2924 0.000002924 0
2925 0.000002925 0
2926 0.000002926 0
2927 0.000002927 0
2928 0.000002928 0
2929 0.000002929 0
2930 0.000002930 0
2931 0.000002931 0
2932 0.000002932 0
2933 0.000002933 0
2934 0.000002934 0
2935 0.000002935 0
2936 0.000002936 0
2937 0.000002937 0
2938 0.000002938 0
2939 0.000002939 0
2940 0.000002940 0
2941 0.000002941 0
2942 0.000002942 0
2943 0.000002943 0
2944 0.000002944 0
2945 0.000002945 0
2946 0.000002946 0
2947 0.000002947 0
2948 0.000002948 0
2949 0.000002949 0
2950 0.000002950 0
2951 0.000002951 0
2952 0.000002952 0
2953 0.000002953 0
2954 0.000002954 0
2955 0.000002955 0
2956 0.000002956 0
2957 0.000002957 0
2958 0.000002958 0
2959 0.000002959 0
2960 0.000002960 0
2961 0.000002961 0
2962 0.000002962 0
2963 0.000002963 0
2964 0.000002964 0
2965 0.000002965 0
2966 0.000002966 0
2967 0.000002967 0
2968 0.000002968 0
2969 0.000002969 0
2970 0.000002970 0
2971 0.000002971 0
2972 0.000002972 0
2973 0.000002973 0
2974 0.000002974 0
2975 0.000002975 0
2976 0.000002976 0
2977 0.000002977 0
2978 0.000002978 0
2979 0.000002979 0
2980 0.000002980 0
2981 0.000002981 0
2982 0.000002982 0
2983 0.000002983 0
2984 0.000002984 0
2985 0.000002985 0
2986 0.000002986 0
2987 0.000002987 0
2988 0.000002988 0
2989 0.000002989 0
2990 0.000002990 0
2991 0.000002991 0
2992 0.000002992 0
2993 0.000002993 0
2994 0.000002994 0
2995 0.000002995 0
2996 0.000002996 0
2997 0.000002997 0
2998 0.000002998 0
2999 0.000002999 0
3000 0.000003000 0
3001 0.000003001 0
3002 0.000003002 0
3003 0.000003003 0
3004 0.000003004 0
3005 0.000003005 0
3006 0.000003006 0
3007 0.000003007 0
3008 0.000003008 0
3009 0.000003009 0
3010 0.000003010 0
3011 0.000003011 0
3012 0.000003012 0
3013 0.000003013 0
3014 0.000003014 0
3015 0.000003015 0
3016 0.000003016 0
3017 0.000003017 0
3018 0.000003018 0
3019 0.000003019 0
3020 0.000003020 0
3021 0.000003021 0
3022 0.000003022 0
3023 0.000003023 0
3024 0.000003024 0
3025 0.000003025 0
3026 0.000003026 0
3027 0.000003027 0
3028 0.000003028 0
3029 0.000003029 0
3030 0.000003030 0
3031 0.000003031 0
3032 0.000003032 0
3033 0.000003033 0
3034 0.000003034 0
3035 0.000003035 0
3036 0.000003036 0
3037 0.000003037 0
3038 0.000003038 0
3039 0.000003039 0
3040 0.000003040 0
3041 0.000003041 0
3042 0.000003042 0
3043 0.000003043 0
3044 0.000003044 0
3045 0.000003045 0
3046 0.000003046 0
3047 0.000003047 0
3048 0.000003048 0
3049 0.000003049 0
3050 0.000003050 0
3051 0.000003051 0
3052 0.000003052 0
3053 0.000003053 0
3054 0.000003054 0
3055 0.000003055 0
3056 0.000003056 0
3057 0.000003057 0
3058 0.000003058 0
3059 0.000003059 0
3060 0.000003060 0
3061 0.000003061 0
3062 0.000003062 0
3063 0.000003063 0
3064 0.000003064 0
3065 0.000003065 0
3066 0.000003066 0
3067 0.000003067 0
3068 0.000003068 0
3069 0.000003069 0
3070 0.000003070 0
3071 0.000003071 0
3072 0.000003072 0
3073 0.000003073 0
3074 0.000003074 0
3075 0.000003075 0
3076 0.000003076 0
3077 0.000003077 0
3078 0.000003078 0
3079 0.000003079 0
3080 0.000003080 0
3081 0.000003081 0
3082 0.000003082 0
3083 0.000003083 0
3084 0.000003084 0
3085 0.000003085 0
3086 0.000003086 0
3087 0.000003087 0
3088 0.000003088 0
3089 0.000003089 0
3090 0.000003090 0
3091 0.000003091 0
3092 0.000003092 0
3093 0.000003093 0
3094 0.000003094 0
3095 0.000003095 0
3096 0.000003096 0
3097 0.000003097 0
3098 0.000003098 0
3099 0.000003099 0
3100 0.000003100 0
3101 0.000003101 0
3102 0.000003102 0
3103 0.000003103 0
3104 0.000003104 0
3105 0.000003105 0
3106 0.000003106 0
3107 0.000003107 0
3108 0.000003108 0
3109 0.000003109 0
3110 0.000003110 0
3111 0.000003111 0
3112 0.000003112 0
3113 0.000003113 0
3114 0.000003114 0
3115 0.000003115 0
3116 0.000003116 0
3117 0.000003117 0
3118 0.000003118 0
3119 0.000003119 0
3120 0.000003120 0
3121 0.000003121 0
3122 0.000003122 0
3123 0.000003123 0
3124 0.000003124 0
3125 0.000003125 0
3126 0.000003126 0
3127 0.000003127 0
3128 0.000003128 0
3129 0.000003129 0
3130 0.000003130 0
3131 0.000003131 0
3132 0.000003132 0
3133 0.000003133 0
3134 0.000003134 0
3135 0.000003135 0
3136 0.000003136 0
3137 0.000003137 0
3138 0.000003138 0
3139 0.000003139 0
3140 0.000003140 0
3141 0.000003141 0
3142 0.000003142 0
3143 0.000003143 0
3144 0.000003144 0
3145 0.000003145 0
3146 0.000003146 0
3147 0.000003147 0
3148 0.000003148 0
3149 0.000003149 0
3150 0.000003150 0
3151 0.000003151 0
3152 0.000003152 0
3153 0.000003153 0
3154 0.000003154 0
3155 0.000003155 0
3156 0.000003156 0
3157 0.000003157 0
3158 0.000003158 0
3159 0.000003159 0
3160 0.000003160 0
3161 0.000003161 0
3162 0.000003162 0
3163 0.000003163 0
3164 0.000003164 0
3165 0.000003165 0
3166 0.000003166 0
3167 0.000003167 0
3168 0.000003168 0
3169 0.000003169 0
3170 0.000003170 0
3171 0.000003171 0
3172 0.000003172 0
3173 0.000003173 0
3174 0.000003174 0
3175 0.000003175 0
3176 0.000003176 0
3177 0.000003177 0
3178 0.000003178 0
3179 0.000003179 0
3180 0.000003180 0
3181 0.000003181 0
3182 0.000003182 0
3183 0.000003183 0
3184 0.000003184 0
3185 0.000003185 0
3186 0.000003186 0
3187 0.000003187 0
3188 0.000003188 0
3189 0.000003189 0
3190 0.000003190 0
3191 0.000003191 0
3192 0.000003192 0
3193 0.000003193 0
3194 0.000003194 0
3195 0.000003195 0
3196 0.000003196 0
3197 0.000003197 0
3198 0.000003198 0
3199 0.000003199 0
3200 0.000003200 0
3201 0.000003201 0
3202 0.000003202 0
3203 0.000003203 0
3204 0.000003204 0
3205 0.000003205 0
3206 0.000003206 0
3207 0.000003207 0
3208 0.000003208 0
3209 0.000003209 0
3210 0.000003210 0
3211 0.000003211 0
3212 0.000003212 0
3213 0.000003213 0
3214 0.000003214 0
3215 0.000003215 0
3216 0.000003216 0
3217 0.000003217 0
3218 0.000003218 0
3219 0.000003219 0
3220 0.000003220 0
3221 0.000003221 0
3222 0.000003222 0
3223 0.000003223 0
3224 0.000003224 0
3225 0.000003225 0
3226 0.000003226 0
3227 0.000003227 0
3228 0.000003228 0
3229 0.000003229 0
3230 0.000003230 0
3231 0.000003231 0
3232 0.000003232 0
3233 0.000003233 0
3234 0.000003234 0
3235 0.000003235 0
3236 0.000003236 0
3237 0.000003237 0
3238 0.000003238 0
3239 0.000003239 0
3240 0.000003240 0
3241 0.000003241 0
3242 0.000003242 0
3243 0.000003243 0
3244 0.000003244 0
3245 0.000003245 0
3246 0.000003246 0
3247 0.000003247 0
3248 0.000003248 0
3249 0.000003249 0
3250 0.000003250 0
3251 0.000003251 0
3252 0.000003252 0
3253 0.000003253 0
3254 0.000003254 0
3255 0.000003255 0
3256 0.000003256 0
3257 0.000003257 0
3258 0.000003258 0
3259 0.000003259 0
3260 0.000003260 0
3261 0.000003261 0
3262 0.000003262 0
3263 0.000003263 0
3264 0.000003264 0
3265 0.000003265 0
3266 0.000003266 0
3267 0.000003267 0
3268 0.000003268 0
3269 0.000003269 0
3270 0.000003270 0
3271 0.000003271 0
3272 0.000003272 0
3273 0.000003273 0
3274 0.000003274 0
3275 0.000003275 0
3276 0.000003276 0
3277 0.000003277 0
3278 0.000003278 0
3279 0.000003279 0
3280 0.000003280 0
3281 0.000003281 0
3282 0.000003282 0
3283 0.000003283 0
3284 0.000003284 0
3285 0.000003285 0
3286 0.000003286 0
3287 0.000003287 0
3288 0.000003288 0
3289 0.000003289 0
3290 0.000003290 0
3291 0.000003291 0
3292 0.000003292 0
3293 0.000003293 0
3294 0.000003294 0
3295 0.000003295 0
3296 0.000003296 0
3297 0.000003297 0
3298 0.000003298 0
3299 0.000003299 0
3300 0.000003300 0
3301 0.000003301 0
3302 0.000003302 0
3303 0.000003303 0
3304 0.000003304 0
3305 0.000003305 0
3306 0.000003306 0
3307 0.000003307 0
3308 0.000003308 0
3309 0.000003309 0
3310 0.000003310 0
3311 0.000003311 0
3312 0.000003312 0
3313 0.000003313 0
3314 0.000003314 0
3315 0.000003315 0
3316 0.000003316 0
3317 0.000003317 0
3318 0.000003318 0
3319 0.000003319 0
3320 0.000003320 0
3321 0.000003321 0
3322 0.000003322 0
3323 0.000003323 0
3324 0.000003324 0
3325 0.000003325 0
3326 0.000003326 0
3327 0.000003327 0
3328 0.000003328 0
3329 0.000003329 0
3330 0.000003330 0
3331 0.000003331 0
3332 0.000003332 0
3333 0.000003333 0
3334 0.000003334 0
3335 0.000003335 0
3336 0.000003336 0
3337 0.000003337 0
3338 0.000003338 0
3339 0.000003339 0
3340 0.000003340 0
3341 0.000003341 0
3342 0.000003342 0
3343 0.000003343 0
3344 0.000003344 0
3345 0.000003345 0
3346 0.000003346 0
3347 0.000003347 0
3348 0.000003348 0
3349 0.000003349 0
3350 0.000003350 0
3351 0.000003351 0
3352 0.000003352 0
3353 0.000003353 0
3354 0.000003354 0
3355 0.000003355 0
3356 0.000003356 0
3357 0.000003357 0
3358 0.000003358 0
3359 0.000003359 0
3360 0.000003360 0
3361 0.000003361 0
3362 0.000003362 0
3363 0.000003363 0
3364 0.000003364 0
3365 0.000003365 0
3366 0.000003366 0
3367 0.000003367 0
3368 0.000003368 0
3369 0.000003369 0
3370 0.000003370 0
3371 0.000003371 0
3372 0.000003372 0
3373 0.000003373 0
3374 0.000003374 0
3375 0.000003375 0
3376 0.000003376 0
3377 0.000003377 0
3378 0.000003378 0
3379 0.000003379 0
3380 0.000003380 0
3381 0.000003381 0
3382 0.000003382 0
3383 0.000003383 0
3384 0.000003384 0
3385 0.000003385 0
3386 0.000003386 0
3387 0.000003387 0
3388 0.000003388 0
3389 0.000003389 0
3390 0.000003390 0
3391 0.000003391 0
3392 0.000003392 0
3393 0.000003393 0
3394 0.000003394 0
3395 0.000003395 0
3396 0.000003396 0
3397 0.000003397 0
3398 0.000003398 0
3399 0.000003399 0
3400 0.000003400 0
3401 0.000003401 0
3402 0.000003402 0
3403 0.000003403 0
3404 0.000003404 0
3405 0.000003405 0
3406 0.000003406 0
3407 0.000003407 0
3408 0.000003408 0
3409 0.000003409 0
3410 0.000003410 0
3411 0.000003411 0
3412 0.000003412 0
3413 0.000003413 0
3414 0.000003414 0
3415 0.000003415 0
3416 0.000003416 0
3417 0.000003417 0
3418 0.000003418 0
3419 0.000003419 0
3420 0.000003420 0
3421 0.000003421 0
3422 0.000003422 0
3423 0.000003423 0
3424 0.000003424 0
3425 0.000003425 0
3426 0.000003426 0
3427 0.000003427 0
3428 0.000003428 0
3429 0.000003429 0
3430 0.000003430 0
3431 0.000003431 0
3432 0.000003432 0
3433 0.000003433 0
3434 0.000003434 0
3435 0.000003435 0
3436 0.000003436 0
3437 0.000003437 0
3438 0.000003438 0
3439 0.000003439 0
3440 0.000003440 0
3441 0.000003441 0
3442 0.000003442 0
3443 0.000003443 0
3444 0.000003444 0
3445 0.000003445 0
3446 0.000003446 0
3447 0.000003447 0
3448 0.000003448 0
3449 0.000003449 0
3450 0.000003450 0
3451 0.000003451 0
3452 0.000003452 0
3453 0.000003453 0
3454 0.000003454 0
3455 0.000003455 0
3456 0.000003456 0
3457 0.000003457 0
3458 0.000003458 0
3459 0.000003459 0
3460 0.000003460 0
3461 0.000003461 0
3462 0.000003462 0
3463 0.000003463 0
3464 0.000003464 0
3465 0.000003465 0
3466 0.000003466 0
3467 0.000003467 0
3468 0.000003468 0
3469 0.000003469 0
3470 0.000003470 0
3471 0.000003471 0
3472 0.000003472 0
3473 0.000003473 0
3474 0.000003474 0
3475 0.000003475 0
3476 0.000003476 0
3477 0.000003477 0
3478 0.000003478 0
3479 0.000003479 0
3480 0.000003480 0
3481 0.000003481 0
3482 0.000003482 0
3483 0.000003483 0
3484 0.000003484 0
3485 0.000003485 0
3486 0.000003486 0
3487 0.000003487 0
3488 0.000003488 0
3489 0.000003489 0
3490 0.000003490 0
3491 0.000003491 0
3492 0.000003492 0
3493 0.000003493 0
3494 0.000003494 0
3495 0.000003495 0
3496 0.000003496 0
3497 0.000003497 0
3498 0.000003498 0
3499 0.000003499 0
3500 0.000003500 0
3501 0.000003501 0
3502 0.000003502 0
3503 0.000003503 0
3504 0.000003504 0
3505 0.000003505 0
3506 0.000003506 0
3507 0.000003507 0
3508 0.000003508 0
3509 0.000003509 0
3510 0.000003510 0
3511 0.000003511 0
3512 0.000003512 0
3513 0.000003513 0
3514 0.000003514 0
3515 0.000003515 0
3516 0.000003516 0
3517 0.000003517 0
3518 0.000003518 0
3519 0.000003519 0
3520 0.000003520 0
3521 0.000003521 0
3522 0.000003522 0
3523 0.000003523 0
3524 0.000003524 0
3525 0.000003525 0
3526 0.000003526 0
3527 0.000003527 0
3528 0.000003528 0
3529 0.000003529 0
3530 0.000003530 0
3531 0.000003531 0
3532 0.000003532 0
3533 0.000003533 0
3534 0.000003534 0
3535 0.000003535 0
3536 0.000003536 0
3537 0.000003537 0
3538 0.000003538 0
3539 0.000003539 0
3540 0.000003540 0
3541 0.000003541 0
3542 0.000003542 0
3543 0.000003543 0
3544 0.000003544 0
3545 0.000003545 0
3546 0.000003546 0
3547 0.000003547 0
3548 0.000003548 0
3549 0.000003549 0
3550 0.000003550 0
3551 0.000003551 0
3552 0.000003552 0
3553 0.000003553 0
3554 0.000003554 0
3555 0.000003555 0
3556 0.000003556 0
3557 0.000003557 0
3558 0.000003558 0
3559 0.000003559 0
3560 0.000003560 0
3561 0.000003561 0
3562 0.000003562 0
3563 0.000003563 0
3564 0.000003564 0
3565 0.000003565 0
3566 0.000003566 0
3567 0.000003567 0
3568 0.000003568 0
3569 0.000003569 0
3570 0.000003570 0
3571 0.000003571 0
3572 0.000003572 0
3573 0.000003573 0
3574 0.000003574 0
3575 0.000003575 0
3576 0.000003576 0
3577 0.000003577 0
3578 0.000003578 0
3579 0.000003579 0
3580 0.000003580 0
3581 0.000003581 0
3582 0.000003582 0
3583 0.000003583 0
3584 0.000003584 0
3585 0.000003585 0
3586 0.000003586 0
3587 0.000003587 0
3588 0.000003588 0
3589 0.000003589 0
3590 0.000003590 0
3591 0.000003591 0
3592 0.000003592 0
3593 0.000003593 0
3594 0.000003594 0
3595 0.000003595 0
3596 0.000003596 0
3597 0.000003597 0
3598 0.000003598 0
3599 0.000003599 0
3600 0.000003600 0
3601 0.000003601 0
3602 0.000003602 0
3603 0.000003603 0
3604 0.000003604 0
3605 0.000003605 0
3606 0.000003606 0
3607 0.000003607 0
3608 0.000003608 0
3609 0.000003609 0
3610 0.000003610 0
3611 0.000003611 0
3612 0.000003612 0
3613 0.000003613 0
3614 0.000003614 0
3615 0.000003615 0
3616 0.000003616 0
3617 0.000003617 0
3618 0.000003618 0
3619 0.000003619 0
3620 0.000003620 0
3621 0.000003621 0
3622 0.000003622 0
3623 0.000003623 0
3624 0.000003624 0
3625 0.000003625 0
3626 0.000003626 0
3627 0.000003627 0
3628 0.000003628 0
3629 0.000003629 0
3630 0.000003630 0
3631 0.000003631 0
3632 0.000003632 0
3633 0.000003633 0
3634 0.000003634 0
3635 0.000003635 0
3636 0.000003636 0
3637 0.000003637 0
3638 0.000003638 0
3639 0.000003639 0
3640 0.000003640 0
3641 0.000003641 0
3642 0.000003642 0
3643 0.000003643 0
3644 0.000003644 0
3645 0.000003645 0
3646 0.000003646 0
3647 0.000003647 0
3648 0.000003648 0
3649 0.000003649 0
3650 0.000003650 0
3651 0.000003651 0
3652 0.000003652 0
3653 0.000003653 0
3654 0.000003654 0
3655 0.000003655 0
3656 0.000003656 0
